0,1,0.7598
0,2,0.7598
0,3,0.7598
0,4,0.7598
0,5,0.7598
0,6,0.7598
0,7,0.7598
0,8,0.7597
0,9,0.7596
0,10,0.7594
0,11,0.7591
0,12,0.7588
0,13,0.7584
0,14,0.7581
0,15,0.7575
0,16,0.7569
0,17,0.7563
0,18,0.7557
0,19,0.7549
0,20,0.754
0,21,0.7529
0,22,0.7522
0,23,0.751
0,24,0.7496
0,25,0.7481
0,26,0.7464
0,27,0.7446
0,28,0.7433
0,29,0.7412
0,30,0.7388
0,31,0.7362
0,32,0.7344
0,33,0.7314
0,34,0.7282
0,35,0.7248
0,36,0.721
0,37,0.7184
0,38,0.7142
0,39,0.7097
0,40,0.7049
0,41,0.7016
0,42,0.6962
0,43,0.6906
0,44,0.6846
0,45,0.6782
0,46,0.6738
0,47,0.6668
0,48,0.6594
0,49,0.6516
0,50,0.6462
0,51,0.6377
0,52,0.6301
0,53,0.6251
0,54,0.6243
0,55,0.6251
0,56,0.6151
0,57,0.6103
0,58,0.6048
0,59,0.6041
0,60,0.6035
0,61,0.6023
0,62,0.6008
0,63,0.5988
0,64,0.5973
0,65,0.5946
0,66,0.5915
0,67,0.588
0,68,0.584
0,69,0.5795
0,70,0.5744
0,71,0.5708
0,72,0.565
0,73,0.5586
0,74,0.5516
0,75,0.5441
0,76,0.5388
0,77,0.5304
0,78,0.5213
0,79,0.5117
0,80,0.5051
0,81,0.4947
0,82,0.4837
0,83,0.4721
0,84,0.4641
0,85,0.4518
0,86,0.4387
0,87,0.4252
0,88,0.4159
0,89,0.4014
0,90,0.3864
0,91,0.3706
0,92,0.3546
0,93,0.3436
0,94,0.3267
0,95,0.3095
0,96,0.2918
0,97,0.2738
0,98,0.2616
0,99,0.2429
0,100,0.2241
0,101,0.2113
0,102,0.1919
0,103,0.1725
0,104,0.1528
0,105,0.1331
0,106,0.12
0,107,0.1001
0,108,0.0804
0,109,0.0607
0,110,0.0412
0,111,0.0218
0,112,0.0091
0,113,-0.0097
0,114,-0.0284
0,115,-0.0464
0,116,-0.0582
0,117,-0.0756
0,118,-0.0922
0,119,-0.1083
0,120,-0.1187
0,121,-0.1335
0,122,-0.1452
0,123,-0.1515
0,124,-0.1528
0,125,-0.1497
0,126,-0.141
0,127,-0.1279
0,128,-0.1185
0,129,-0.1036
0,130,-0.082
0,131,-0.0706
0,132,-0.0525
0,133,-0.0337
0,134,-0.0139
0,135,0.0066
0,136,0.0207
0,137,0.0426
0,138,0.0649
0,139,0.088
0,140,0.1037
0,141,0.1274
0,142,0.1517
0,143,0.1761
0,144,0.2009
0,145,0.2256
0,146,0.2422
0,147,0.267
0,148,0.2916
0,149,0.316
0,150,0.34
0,151,0.3636
0,152,0.3866
0,153,0.409
0,154,0.4235
0,155,0.4512
0,156,0.4645
0,157,0.4834
0,158,0.5013
0,159,0.5178
0,160,0.533
0,161,0.5423
0,162,0.555
0,163,0.5661
0,164,0.5755
0,165,0.5831
0,166,0.5872
0,167,0.5917
0,168,0.5944
0,169,0.5993
0,170,0.6052
0,171,0.6184
0,172,0.6371
0,173,0.6577
0,174,0.676
0,175,0.687
0,176,0.7014
0,177,0.7133
0,178,0.7197
0,179,0.729
0,180,0.7318
0,181,0.7335
0,182,0.7324
0,183,0.7282
0,184,0.7238
0,185,0.7147
0,186,0.7025
0,187,0.6873
0,188,0.669
0,189,0.6479
0,190,0.6322
0,191,0.6062
0,192,0.5775
0,193,0.5461
0,194,0.5238
0,195,0.4884
0,196,0.4507
0,197,0.4109
0,198,0.3691
0,199,0.3257
0,200,0.2807
0,201,0.2499
0,202,0.203
0,203,0.1553
0,204,0.1075
0,205,0.068
0,206,0.0466
0,207,0.0172
0,208,0.0064
0,209,-0.0091
0,210,-0.0239
0,211,-0.0377
0,212,-0.0506
0,213,-0.0622
0,214,-0.0726
0,215,-0.0788
0,216,-0.0869
0,217,-0.0934
0,218,-0.0983
0,219,-0.1016
0,220,-0.1032
0,221,-0.1032
0,222,-0.1018
0,223,-0.0985
0,224,-0.0934
0,225,-0.0864
0,226,-0.0776
0,227,-0.0668
0,228,-0.0587
0,229,-0.045
0,230,-0.0296
0,231,-0.0125
0,232,0.0062
0,233,0.0264
0,234,0.048
0,235,0.0709
0,236,0.095
0,237,0.1225
0,238,0.1625
0,239,0.2102
0,240,0.2685
0,241,0.3084
0,242,0.3683
0,243,0.4277
0,244,0.4864
0,245,0.5439
0,246,0.5998
0,247,0.6537
0,248,0.6883
0,249,0.7536
0,250,0.7988
0,251,0.8403
0,252,0.8658
0,253,0.9001
0,254,0.9296
0,255,0.9538
0,256,0.9724
0,257,0.9816
0,258,0.9902
0,259,0.9926
0,260,0.9886
0,261,0.9781
0,262,0.9611
0,263,0.9462
0,264,0.9078
0,265,0.8844
0,266,0.687
0,267,0.6228
0,268,0.5592
0,269,0.511
0,270,0.474
0,271,0.4506
0,272,0.424
0,273,0.3943
0,274,0.3618
0,275,0.3268
0,276,0.2895
0,277,0.2503
0,278,0.2094
0,279,0.1671
0,280,0.1238
0,281,0.0798
0,282,0.0502
0,283,0.0059
0,284,-0.0381
0,285,-0.0815
0,286,-0.1238
0,287,-0.1647
0,288,-0.2039
0,289,-0.2408
0,290,-0.2752
0,291,-0.3068
0,292,-0.335
0,293,-0.3597
0,294,-0.3761
0,295,-0.3766
0,296,-0.3639
0,297,-0.3457
0,298,-0.331
0,299,-0.3051
0,300,-0.2746
0,301,-0.2396
0,302,-0.2003
0,303,-0.1567
0,304,-0.1092
0,305,-0.0755
0,306,-0.0222
0,307,0.0342
0,308,0.0933
0,309,0.1547
0,310,0.2179
0,311,0.3041
0,312,0.3478
0,313,0.4134
0,314,0.4786
0,315,0.5429
0,316,0.6057
0,317,0.6888
0,318,0.7798
0,319,0.8914
0,320,1.004
0,321,1.1113
0,322,1.2125
0,323,1.3064
0,324,1.392
0,325,1.4685
0,326,1.535
0,327,1.5907
0,328,1.6348
0,329,1.6665
0,330,1.6854
0,331,1.6909
0,332,1.6824
0,333,1.6598
0,334,1.6229
0,335,1.5715
0,336,1.5058
0,337,1.426
0,338,1.3651
0,339,1.2627
0,340,1.1475
0,341,1.0203
0,342,0.882
0,343,0.7335
0,344,0.5759
0,345,0.4103
0,346,0.2961
0,347,0.1204
0,348,-0.0597
0,349,-0.2405
0,350,-0.3979
0,351,-0.4739
0,352,-0.5693
0,353,-0.6615
0,354,-0.7495
0,355,-0.832
0,356,-0.9079
0,357,-0.9758
0,358,-1.035
0,359,-1.0843
0,360,-1.1228
0,361,-1.1499
0,362,-1.1649
0,363,-1.1679
0,364,-1.1567
0,365,-1.1328
0,366,-1.1095
0,367,-1.0622
0,368,-0.9786
0,369,-0.8578
0,370,-0.7231
0,371,-0.5766
0,372,-0.4191
0,373,-0.2517
0,374,-0.0755
0,375,0.1081
0,376,0.2977
0,377,0.4918
0,378,0.6886
0,379,0.8863
0,380,1.0829
0,381,1.2764
0,382,1.4647
0,383,1.6459
0,384,1.9461
0,385,2.0608
0,386,2.3003
0,387,2.5331
0,388,2.7485
0,389,2.9435
0,390,3.061
0,391,3.2163
0,392,3.3448
0,393,3.4444
0,394,3.5132
0,395,3.5497
0,396,3.5555
0,397,3.5355
0,398,3.4807
0,399,3.3909
0,400,3.2663
1,1,3.1074
1,2,3.1074
1,3,0.7598
1,4,0.7598
1,5,0.7598
1,6,0.7598
1,7,0.7598
1,8,0.7599
1,9,0.7597
1,10,0.7595
1,11,0.7593
1,12,0.7591
1,13,0.7589
1,14,0.7585
1,15,0.7581
1,16,0.7576
1,17,0.7571
1,18,0.7565
1,19,0.7558
1,20,0.755
1,21,0.7541
1,22,0.753
1,23,0.7519
1,24,0.7506
1,25,0.7497
1,26,0.7481
1,27,0.7464
1,28,0.7445
1,29,0.7425
1,30,0.7402
1,31,0.7377
1,32,0.7349
1,33,0.732
1,34,0.7287
1,35,0.7265
1,36,0.7228
1,37,0.7189
1,38,0.7148
1,39,0.7103
1,40,0.7056
1,41,0.7006
1,42,0.6953
1,43,0.6897
1,44,0.6857
1,45,0.6796
1,46,0.673
1,47,0.6662
1,48,0.6589
1,49,0.6514
1,50,0.6435
1,51,0.6353
1,52,0.6289
1,53,0.6257
1,54,0.6266
1,55,0.6216
1,56,0.6155
1,57,0.6119
1,58,0.6105
1,59,0.6095
1,60,0.6092
1,61,0.6092
1,62,0.6088
1,63,0.6082
1,64,0.6071
1,65,0.6057
1,66,0.6039
1,67,0.6016
1,68,0.599
1,69,0.596
1,70,0.5925
1,71,0.5886
1,72,0.5857
1,73,0.5811
1,74,0.5759
1,75,0.5703
1,76,0.5642
1,77,0.5576
1,78,0.5506
1,79,0.5457
1,80,0.5379
1,81,0.5296
1,82,0.5209
1,83,0.5118
1,84,0.5022
1,85,0.4922
1,86,0.4819
1,87,0.4747
1,88,0.4636
1,89,0.448
1,90,0.4358
1,91,0.4235
1,92,0.4108
1,93,0.4022
1,94,0.3892
1,95,0.3756
1,96,0.362
1,97,0.348
1,98,0.334
1,99,0.3196
1,100,0.3054
1,101,0.291
1,102,0.267
1,103,0.2525
1,104,0.2385
1,105,0.2245
1,106,0.2107
1,107,0.1969
1,108,0.1834
1,109,0.1699
1,110,0.1568
1,111,0.1439
1,112,0.1233
1,113,0.1113
1,114,0.1002
1,115,0.0893
1,116,0.0791
1,117,0.0692
1,118,0.0629
1,119,0.0515
1,120,0.0474
1,121,0.0486
1,122,0.0545
1,123,0.0656
1,124,0.0809
1,125,0.0969
1,126,0.1126
1,127,0.1281
1,128,0.1433
1,129,0.1532
1,130,0.1678
1,131,0.1822
1,132,0.1962
1,133,0.2098
1,134,0.2228
1,135,0.2353
1,136,0.2471
1,137,0.2585
1,138,0.2691
1,139,0.2791
1,140,0.2883
1,141,0.294
1,142,0.3021
1,143,0.3094
1,144,0.316
1,145,0.3236
1,146,0.3268
1,147,0.3321
1,148,0.335
1,149,0.3366
1,150,0.3383
1,151,0.3392
1,152,0.3394
1,153,0.3388
1,154,0.3375
1,155,0.3355
1,156,0.3328
1,157,0.3294
1,158,0.3255
1,159,0.3209
1,160,0.3158
1,161,0.3102
1,162,0.3042
1,163,0.2977
1,164,0.2919
1,165,0.2919
1,166,0.2965
1,167,0.3065
1,168,0.3242
1,169,0.3421
1,170,0.3585
1,171,0.3733
1,172,0.3864
1,173,0.3979
1,174,0.4076
1,175,0.4157
1,176,0.422
1,177,0.4267
1,178,0.4297
1,179,0.4312
1,180,0.431
1,181,0.43
1,182,0.4274
1,183,0.4217
1,184,0.4179
1,185,0.4113
1,186,0.4035
1,187,0.3946
1,188,0.3847
1,189,0.3739
1,190,0.3624
1,191,0.3501
1,192,0.3373
1,193,0.324
1,194,0.3104
1,195,0.2965
1,196,0.2824
1,197,0.2683
1,198,0.2554
1,199,0.2519
1,200,0.2576
1,201,0.273
1,202,0.2906
1,203,0.3069
1,204,0.317
1,205,0.335
1,206,0.3431
1,207,0.3535
1,208,0.3624
1,209,0.3695
1,210,0.375
1,211,0.3787
1,212,0.3807
1,213,0.3812
1,214,0.38
1,215,0.3773
1,216,0.3732
1,217,0.3678
1,218,0.3611
1,219,0.3533
1,220,0.3446
1,221,0.3349
1,222,0.3244
1,223,0.3133
1,224,0.3017
1,225,0.2896
1,226,0.2772
1,227,0.2647
1,228,0.2521
1,229,0.2396
1,230,0.2306
1,231,0.2325
1,232,0.2391
1,233,0.2566
1,234,0.2764
1,235,0.2949
1,236,0.3117
1,237,0.3267
1,238,0.3398
1,239,0.351
1,240,0.3572
1,241,0.365
1,242,0.3708
1,243,0.3747
1,244,0.3767
1,245,0.3767
1,246,0.3749
1,247,0.3714
1,248,0.3663
1,249,0.3597
1,250,0.3518
1,251,0.3427
1,252,0.3325
1,253,0.3214
1,254,0.3096
1,255,0.3013
1,256,0.2886
1,257,0.2754
1,258,0.2619
1,259,0.2483
1,260,0.2348
1,261,0.2215
1,262,0.2085
1,263,0.197
1,264,0.202
1,265,0.2215
1,266,0.2644
1,267,0.3102
1,268,0.3536
1,269,0.3806
1,270,0.4179
1,271,0.4516
1,272,0.4813
1,273,0.5065
1,274,0.5271
1,275,0.5431
1,276,0.5544
1,277,0.5612
1,278,0.5636
1,279,0.5618
1,280,0.556
1,281,0.5465
1,282,0.5336
1,283,0.5176
1,284,0.492
1,285,0.47
1,286,0.4463
1,287,0.4212
1,288,0.395
1,289,0.372
1,290,0.3588
1,291,0.3554
1,292,0.353
1,293,0.3509
1,294,0.3468
1,295,0.3414
1,296,0.335
1,297,0.3274
1,298,0.3189
1,299,0.3095
1,300,0.3029
1,301,0.2924
1,302,0.2773
1,303,0.2654
1,304,0.2534
1,305,0.2455
1,306,0.2335
1,307,0.2215
1,308,0.2098
1,309,0.1984
1,310,0.1874
1,311,0.177
1,312,0.1919
1,313,0.212
1,314,0.2581
1,315,0.3104
1,316,0.3439
1,317,0.3907
1,318,0.447
1,319,0.484
1,320,0.5054
1,321,0.5328
1,322,0.5549
1,323,0.5715
1,324,0.5825
1,325,0.588
1,326,0.5883
1,327,0.5834
1,328,0.5738
1,329,0.5599
1,330,0.5421
1,331,0.5207
1,332,0.4964
1,333,0.4695
1,334,0.4407
1,335,0.4103
1,336,0.3789
1,337,0.347
1,338,0.315
1,339,0.2833
1,340,0.2524
1,341,0.2225
1,342,0.1941
1,343,0.1684
1,344,0.1874
1,345,0.1875
1,346,0.2529
1,347,0.3192
1,348,0.3827
1,349,0.4412
1,350,0.4939
1,351,0.5255
1,352,0.5672
1,353,0.6026
1,354,0.6311
1,355,0.6523
1,356,0.6662
1,357,0.6729
1,358,0.6728
1,359,0.6661
1,360,0.6534
1,361,0.6355
1,362,0.6317
1,363,0.6498
1,364,0.6679
1,365,0.6804
1,366,0.6864
1,367,0.6861
1,368,0.6797
1,369,0.6675
1,370,0.6499
1,371,0.6274
1,372,0.6004
1,373,0.5697
1,374,0.5358
1,375,0.4867
1,376,0.4476
1,377,0.4092
1,378,0.4234
1,379,0.4649
1,380,0.5272
1,381,0.5855
1,382,0.6372
1,383,0.6812
1,384,0.7169
1,385,0.744
1,386,0.7624
1,387,0.7722
1,388,0.7735
1,389,0.7668
1,390,0.7524
1,391,0.731
1,392,0.7032
1,393,0.6698
1,394,0.6317
1,395,0.5896
1,396,0.5444
1,397,0.497
1,398,0.4481
1,399,0.3987
1,400,0.3495
2,1,0.3013
2,2,0.3013
2,3,0.7598
2,4,0.7598
2,5,0.7598
2,6,0.7598
2,7,0.7598
2,8,0.7599
2,9,0.7597
2,10,0.7596
2,11,0.7594
2,12,0.7592
2,13,0.7588
2,14,0.7585
2,15,0.7581
2,16,0.7577
2,17,0.7572
2,18,0.7566
2,19,0.756
2,20,0.7552
2,21,0.7543
2,22,0.7534
2,23,0.7527
2,24,0.7516
2,25,0.7503
2,26,0.7489
2,27,0.7474
2,28,0.7457
2,29,0.7438
2,30,0.7417
2,31,0.7395
2,32,0.737
2,33,0.7352
2,34,0.7323
2,35,0.7293
2,36,0.7259
2,37,0.7224
2,38,0.7186
2,39,0.7145
2,40,0.7102
2,41,0.7072
2,42,0.7025
2,43,0.6974
2,44,0.6921
2,45,0.6865
2,46,0.6806
2,47,0.6743
2,48,0.6678
2,49,0.6633
2,50,0.6563
2,51,0.6489
2,52,0.6413
2,53,0.6354
2,54,0.6328
2,55,0.6357
2,56,0.628
2,57,0.6231
2,58,0.6208
2,59,0.6201
2,60,0.6201
2,61,0.6207
2,62,0.6212
2,63,0.6214
2,64,0.6212
2,65,0.6205
2,66,0.6195
2,67,0.6186
2,68,0.617
2,69,0.615
2,70,0.6125
2,71,0.6097
2,72,0.6064
2,73,0.6041
2,74,0.6001
2,75,0.5941
2,76,0.5908
2,77,0.5838
2,78,0.58
2,79,0.5741
2,80,0.5676
2,81,0.5607
2,82,0.5535
2,83,0.5459
2,84,0.5379
2,85,0.5296
2,86,0.5209
2,87,0.5121
2,88,0.5059
2,89,0.4963
2,90,0.4865
2,91,0.4762
2,92,0.4658
2,93,0.4551
2,94,0.448
2,95,0.4371
2,96,0.4258
2,97,0.4144
2,98,0.4028
2,99,0.3913
2,100,0.3796
2,101,0.368
2,102,0.3563
2,103,0.3448
2,104,0.3332
2,105,0.3218
2,106,0.3103
2,107,0.299
2,108,0.2917
2,109,0.2806
2,110,0.2697
2,111,0.2588
2,112,0.2483
2,113,0.238
2,114,0.2282
2,115,0.2186
2,116,0.2123
2,117,0.2033
2,118,0.1944
2,119,0.1859
2,120,0.1777
2,121,0.17
2,122,0.163
2,123,0.1598
2,124,0.1616
2,125,0.1679
2,126,0.1789
2,127,0.1937
2,128,0.2037
2,129,0.2178
2,130,0.2309
2,131,0.2431
2,132,0.2542
2,133,0.2643
2,134,0.2734
2,135,0.2815
2,136,0.2887
2,137,0.2951
2,138,0.3006
2,139,0.3052
2,140,0.309
2,141,0.3111
2,142,0.3136
2,143,0.3155
2,144,0.3167
2,145,0.3172
2,146,0.317
2,147,0.3163
2,148,0.3149
2,149,0.3131
2,150,0.3108
2,151,0.3081
2,152,0.306
2,153,0.3027
2,154,0.2989
2,155,0.2949
2,156,0.2906
2,157,0.2861
2,158,0.2815
2,159,0.2767
2,160,0.2719
2,161,0.2669
2,162,0.262
2,163,0.257
2,164,0.2521
2,165,0.2471
2,166,0.2439
2,167,0.2392
2,168,0.2363
2,169,0.2406
2,170,0.251
2,171,0.269
2,172,0.2901
2,173,0.3093
2,174,0.3259
2,175,0.34
2,176,0.3482
2,177,0.3585
2,178,0.367
2,179,0.3737
2,180,0.3784
2,181,0.3813
2,182,0.3826
2,183,0.3823
2,184,0.3807
2,185,0.3789
2,186,0.3754
2,187,0.3708
2,188,0.3653
2,189,0.3591
2,190,0.3523
2,191,0.345
2,192,0.3373
2,193,0.3293
2,194,0.3211
2,195,0.3129
2,196,0.3046
2,197,0.2963
2,198,0.2882
2,199,0.2802
2,200,0.2724
2,201,0.2674
2,202,0.2606
2,203,0.2623
2,204,0.2734
2,205,0.2942
2,206,0.3099
2,207,0.3312
2,208,0.3498
2,209,0.37
2,210,0.3813
2,211,0.387
2,212,0.3932
2,213,0.3971
2,214,0.3986
2,215,0.3981
2,216,0.3955
2,217,0.3913
2,218,0.3877
2,219,0.3812
2,220,0.3736
2,221,0.365
2,222,0.3558
2,223,0.3461
2,224,0.3361
2,225,0.326
2,226,0.3159
2,227,0.3059
2,228,0.296
2,229,0.2865
2,230,0.2774
2,231,0.2686
2,232,0.2603
2,233,0.2551
2,234,0.2476
2,235,0.2459
2,236,0.2549
2,237,0.2735
2,238,0.2982
2,239,0.3209
2,240,0.3404
2,241,0.3561
2,242,0.3682
2,243,0.3769
2,244,0.3824
2,245,0.3849
2,246,0.3847
2,247,0.3821
2,248,0.3775
2,249,0.3711
2,250,0.3634
2,251,0.3545
2,252,0.3481
2,253,0.3346
2,254,0.3275
2,255,0.317
2,256,0.3027
2,257,0.2955
2,258,0.2853
2,259,0.2754
2,260,0.2658
2,261,0.2568
2,262,0.2485
2,263,0.2408
2,264,0.2338
2,265,0.2274
2,266,0.2217
2,267,0.2169
2,268,0.225
2,269,0.2505
2,270,0.2971
2,271,0.3482
2,272,0.3936
2,273,0.4316
2,274,0.4618
2,275,0.4844
2,276,0.4955
2,277,0.5068
2,278,0.5124
2,279,0.5128
2,280,0.5084
2,281,0.4998
2,282,0.4877
2,283,0.473
2,284,0.4562
2,285,0.4381
2,286,0.4191
2,287,0.4062
2,288,0.3869
2,289,0.361
2,290,0.342
2,291,0.33
2,292,0.3079
2,293,0.2976
2,294,0.289
2,295,0.2919
2,296,0.3049
2,297,0.3184
2,298,0.3265
2,299,0.3367
2,300,0.3447
2,301,0.3504
2,302,0.3536
2,303,0.3544
2,304,0.3536
2,305,0.3495
2,306,0.3462
2,307,0.34
2,308,0.3326
2,309,0.3241
2,310,0.3149
2,311,0.3052
2,312,0.2987
2,313,0.2888
2,314,0.2789
2,315,0.2691
2,316,0.2597
2,317,0.2625
2,318,0.2884
2,319,0.3145
2,320,0.3649
2,321,0.4123
2,322,0.4527
2,323,0.4845
2,324,0.5077
2,325,0.5226
2,326,0.5299
2,327,0.5301
2,328,0.5268
2,329,0.5176
2,330,0.5038
2,331,0.4865
2,332,0.4594
2,333,0.4447
2,334,0.4224
2,335,0.3997
2,336,0.377
2,337,0.3551
2,338,0.3344
2,339,0.3152
2,340,0.2977
2,341,0.2821
2,342,0.2684
2,343,0.2566
2,344,0.2465
2,345,0.2382
2,346,0.2314
2,347,0.226
2,348,0.2231
2,349,0.2214
2,350,0.2635
2,351,0.2912
2,352,0.3734
2,353,0.4507
2,354,0.5177
2,355,0.571
2,356,0.5989
2,357,0.6298
2,358,0.6495
2,359,0.6584
2,360,0.6569
2,361,0.6464
2,362,0.6283
2,363,0.6043
2,364,0.5758
2,365,0.5443
2,366,0.5112
2,367,0.4785
2,368,0.4673
2,369,0.4828
2,370,0.5015
2,371,0.5172
2,372,0.5281
2,373,0.534
2,374,0.5348
2,375,0.531
2,376,0.5229
2,377,0.511
2,378,0.496
2,379,0.4846
2,380,0.4661
2,381,0.4458
2,382,0.4245
2,383,0.4029
2,384,0.4041
2,385,0.443
2,386,0.5179
2,387,0.5951
2,388,0.6608
2,389,0.7117
2,390,0.737
2,391,0.7631
2,392,0.7764
2,393,0.7777
2,394,0.7678
2,395,0.7481
2,396,0.7206
2,397,0.6869
2,398,0.649
2,399,0.6086
2,400,0.5671
3,1,0.5259
3,2,0.5259
3,3,0.7598
3,4,0.7598
3,5,0.7598
3,6,0.7598
3,7,0.7598
3,8,0.7599
3,9,0.7598
3,10,0.7597
3,11,0.7594
3,12,0.7592
3,13,0.759
3,14,0.7587
3,15,0.7582
3,16,0.7577
3,17,0.7572
3,18,0.7566
3,19,0.7558
3,20,0.7551
3,21,0.7542
3,22,0.7532
3,23,0.7522
3,24,0.7514
3,25,0.7501
3,26,0.7487
3,27,0.7472
3,28,0.7455
3,29,0.7437
3,30,0.7417
3,31,0.7395
3,32,0.7371
3,33,0.7354
3,34,0.7327
3,35,0.7297
3,36,0.7265
3,37,0.7232
3,38,0.7196
3,39,0.7157
3,40,0.7117
3,41,0.7074
3,42,0.7044
3,43,0.698
3,44,0.6928
3,45,0.6875
3,46,0.6839
3,47,0.6781
3,48,0.672
3,49,0.6656
3,50,0.659
3,51,0.6521
3,52,0.6462
3,53,0.6431
3,54,0.6435
3,55,0.6466
3,56,0.6377
3,57,0.6342
3,58,0.6332
3,59,0.6338
3,60,0.6349
3,61,0.6362
3,62,0.6371
3,63,0.6375
3,64,0.6375
3,65,0.6371
3,66,0.6363
3,67,0.6356
3,68,0.6342
3,69,0.6324
3,70,0.6301
3,71,0.6275
3,72,0.6245
3,73,0.6211
3,74,0.6173
3,75,0.6132
3,76,0.6086
3,77,0.6036
3,78,0.5982
3,79,0.5925
3,80,0.5885
3,81,0.5822
3,82,0.5755
3,83,0.5684
3,84,0.5611
3,85,0.5535
3,86,0.5457
3,87,0.5376
3,88,0.5292
3,89,0.5206
3,90,0.5117
3,91,0.5027
3,92,0.4935
3,93,0.4842
3,94,0.4779
3,95,0.4684
3,96,0.4587
3,97,0.4487
3,98,0.4389
3,99,0.4291
3,100,0.4194
3,101,0.4095
3,102,0.3999
3,103,0.3901
3,104,0.3806
3,105,0.3712
3,106,0.362
3,107,0.3528
3,108,0.3438
3,109,0.335
3,110,0.3265
3,111,0.318
3,112,0.3099
3,113,0.3046
3,114,0.2967
3,115,0.2889
3,116,0.2813
3,117,0.2741
3,118,0.2671
3,119,0.2626
3,120,0.2562
3,121,0.25
3,122,0.2475
3,123,0.25
3,124,0.2568
3,125,0.2677
3,126,0.2818
3,127,0.2954
3,128,0.3033
3,129,0.3137
3,130,0.3228
3,131,0.3306
3,132,0.337
3,133,0.3421
3,134,0.346
3,135,0.3489
3,136,0.3509
3,137,0.3519
3,138,0.3522
3,139,0.3517
3,140,0.3506
3,141,0.3488
3,142,0.3474
3,143,0.3439
3,144,0.3418
3,145,0.3385
3,146,0.3348
3,147,0.3308
3,148,0.3266
3,149,0.3222
3,150,0.3177
3,151,0.3131
3,152,0.3084
3,153,0.3037
3,154,0.299
3,155,0.2943
3,156,0.2897
3,157,0.2851
3,158,0.2806
3,159,0.2762
3,160,0.2733
3,161,0.2691
3,162,0.2649
3,163,0.2607
3,164,0.2554
3,165,0.2516
3,166,0.2487
3,167,0.2498
3,168,0.259
3,169,0.2717
3,170,0.2924
3,171,0.3126
3,172,0.3296
3,173,0.3429
3,174,0.3499
3,175,0.3581
3,176,0.3641
3,177,0.3681
3,178,0.37
3,179,0.3702
3,180,0.3689
3,181,0.3673
3,182,0.3641
3,183,0.36
3,184,0.3551
3,185,0.3498
3,186,0.344
3,187,0.338
3,188,0.3319
3,189,0.3257
3,190,0.3195
3,191,0.3134
3,192,0.3075
3,193,0.3017
3,194,0.2961
3,195,0.2908
3,196,0.2857
3,197,0.2807
3,198,0.2761
3,199,0.2731
3,200,0.2688
3,201,0.2668
3,202,0.2746
3,203,0.2923
3,204,0.3173
3,205,0.3408
3,206,0.3597
3,207,0.3696
3,208,0.3807
3,209,0.3884
3,210,0.3928
3,211,0.3942
3,212,0.393
3,213,0.3896
3,214,0.3846
3,215,0.3782
3,216,0.371
3,217,0.3631
3,218,0.3577
3,219,0.3495
3,220,0.341
3,221,0.3325
3,222,0.3243
3,223,0.3165
3,224,0.3091
3,225,0.3022
3,226,0.2958
3,227,0.2899
3,228,0.2845
3,229,0.2795
3,230,0.2749
3,231,0.2721
3,232,0.2668
3,233,0.2651
3,234,0.2746
3,235,0.2927
3,236,0.3188
3,237,0.3354
3,238,0.356
3,239,0.3764
3,240,0.3862
3,241,0.3906
3,242,0.3911
3,243,0.3891
3,244,0.3846
3,245,0.3755
3,246,0.3699
3,247,0.361
3,248,0.3515
3,249,0.3417
3,250,0.332
3,251,0.3226
3,252,0.3167
3,253,0.3083
3,254,0.3003
3,255,0.2927
3,256,0.2859
3,257,0.2798
3,258,0.2745
3,259,0.2697
3,260,0.2655
3,261,0.2618
3,262,0.2585
3,263,0.2555
3,264,0.2527
3,265,0.2502
3,266,0.2499
3,267,0.2676
3,268,0.2989
3,269,0.3501
3,270,0.3824
3,271,0.4221
3,272,0.4527
3,273,0.4737
3,274,0.4852
3,275,0.4885
3,276,0.4848
3,277,0.4759
3,278,0.463
3,279,0.4475
3,280,0.4307
3,281,0.4133
3,282,0.3962
3,283,0.38
3,284,0.365
3,285,0.3558
3,286,0.3394
3,287,0.332
3,288,0.3225
3,289,0.3143
3,290,0.3072
3,291,0.3011
3,292,0.2966
3,293,0.3015
3,294,0.3165
3,295,0.3378
3,296,0.3563
3,297,0.3702
3,298,0.3766
3,299,0.3824
3,300,0.3844
3,301,0.3828
3,302,0.3782
3,303,0.3711
3,304,0.3623
3,305,0.3523
3,306,0.3417
3,307,0.3311
3,308,0.3209
3,309,0.3112
3,310,0.3023
3,311,0.2969
3,312,0.2895
3,313,0.2828
3,314,0.2768
3,315,0.2732
3,316,0.3033
3,317,0.3375
3,318,0.3903
3,319,0.4371
3,320,0.4727
3,321,0.4955
3,322,0.5066
3,323,0.5076
3,324,0.5002
3,325,0.4864
3,326,0.4683
3,327,0.4476
3,328,0.4258
3,329,0.4042
3,330,0.3838
3,331,0.3651
3,332,0.3487
3,333,0.3347
3,334,0.3231
3,335,0.3139
3,336,0.3067
3,337,0.3013
3,338,0.2974
3,339,0.2945
3,340,0.2924
3,341,0.2907
3,342,0.2891
3,343,0.2876
3,344,0.2859
3,345,0.2839
3,346,0.2818
3,347,0.2936
3,348,0.326
3,349,0.3981
3,350,0.4749
3,351,0.5375
3,352,0.5808
3,353,0.605
3,354,0.6122
3,355,0.6053
3,356,0.5874
3,357,0.5618
3,358,0.5317
3,359,0.4996
3,360,0.4677
3,361,0.4473
3,362,0.4106
3,363,0.386
3,364,0.3661
3,365,0.3688
3,366,0.4024
3,367,0.4422
3,368,0.4661
3,369,0.4943
3,370,0.5143
3,371,0.5259
3,372,0.5288
3,373,0.5243
3,374,0.5134
3,375,0.4979
3,376,0.4792
3,377,0.4587
3,378,0.4378
3,379,0.4175
3,380,0.3985
3,381,0.3906
3,382,0.4348
3,383,0.5115
3,384,0.5679
3,385,0.638
3,386,0.6906
3,387,0.7238
3,388,0.7372
3,389,0.7335
3,390,0.7157
3,391,0.6875
3,392,0.6526
3,393,0.6143
3,394,0.5883
3,395,0.5506
3,396,0.5139
3,397,0.4801
3,398,0.4508
3,399,0.4265
3,400,0.4072
4,1,0.3927
4,2,0.3927
4,3,0.7598
4,4,0.7598
4,5,0.7598
4,6,0.7598
4,7,0.7598
4,8,0.7598
4,9,0.7597
4,10,0.7595
4,11,0.7592
4,12,0.7589
4,13,0.7587
4,14,0.7583
4,15,0.7579
4,16,0.7574
4,17,0.7568
4,18,0.7562
4,19,0.7552
4,20,0.7547
4,21,0.7538
4,22,0.7529
4,23,0.7518
4,24,0.7506
4,25,0.7493
4,26,0.7479
4,27,0.7469
4,28,0.7453
4,29,0.7435
4,30,0.7415
4,31,0.7394
4,32,0.7371
4,33,0.7347
4,34,0.732
4,35,0.7291
4,36,0.7261
4,37,0.7228
4,38,0.7193
4,39,0.7156
4,40,0.713
4,41,0.7089
4,42,0.7045
4,43,0.7
4,44,0.6935
4,45,0.6902
4,46,0.685
4,47,0.6795
4,48,0.6737
4,49,0.6678
4,50,0.6615
4,51,0.6551
4,52,0.6499
4,53,0.648
4,54,0.6486
4,55,0.6463
4,56,0.6432
4,57,0.6407
4,58,0.6402
4,59,0.6411
4,60,0.6426
4,61,0.6442
4,62,0.6453
4,63,0.6459
4,64,0.6461
4,65,0.646
4,66,0.6456
4,67,0.6448
4,68,0.6437
4,69,0.6421
4,70,0.6402
4,71,0.6379
4,72,0.6352
4,73,0.6321
4,74,0.6298
4,75,0.6262
4,76,0.622
4,77,0.6175
4,78,0.6127
4,79,0.6076
4,80,0.6021
4,81,0.5964
4,82,0.5905
4,83,0.5842
4,84,0.5799
4,85,0.5734
4,86,0.5663
4,87,0.5589
4,88,0.5514
4,89,0.5439
4,90,0.5362
4,91,0.5284
4,92,0.5203
4,93,0.5122
4,94,0.5039
4,95,0.4958
4,96,0.4904
4,97,0.4794
4,98,0.4707
4,99,0.4651
4,100,0.4569
4,101,0.4483
4,102,0.4398
4,103,0.4314
4,104,0.4232
4,105,0.4126
4,106,0.4074
4,107,0.3977
4,108,0.3903
4,109,0.3855
4,110,0.3785
4,111,0.3713
4,112,0.3642
4,113,0.3572
4,114,0.3506
4,115,0.3442
4,116,0.34
4,117,0.334
4,118,0.3278
4,119,0.3219
4,120,0.316
4,121,0.3108
4,122,0.3093
4,123,0.3127
4,124,0.32
4,125,0.331
4,126,0.3445
4,127,0.3569
4,128,0.3666
4,129,0.374
4,130,0.3794
4,131,0.3832
4,132,0.3858
4,133,0.3869
4,134,0.3879
4,135,0.388
4,136,0.3875
4,137,0.3861
4,138,0.3842
4,139,0.3817
4,140,0.3788
4,141,0.3755
4,142,0.3719
4,143,0.3679
4,144,0.3639
4,145,0.3596
4,146,0.3553
4,147,0.3508
4,148,0.3464
4,149,0.3419
4,150,0.3374
4,151,0.3329
4,152,0.3286
4,153,0.3242
4,154,0.3199
4,155,0.3157
4,156,0.3116
4,157,0.3076
4,158,0.3037
4,159,0.2999
4,160,0.2963
4,161,0.2939
4,162,0.2892
4,163,0.2856
4,164,0.2833
4,165,0.2801
4,166,0.2776
4,167,0.2831
4,168,0.2951
4,169,0.3138
4,170,0.3278
4,171,0.3451
4,172,0.3586
4,173,0.3682
4,174,0.374
4,175,0.3768
4,176,0.3772
4,177,0.3751
4,178,0.373
4,179,0.3678
4,180,0.3647
4,181,0.3547
4,182,0.349
4,183,0.3439
4,184,0.3392
4,185,0.3345
4,186,0.33
4,187,0.3255
4,188,0.3212
4,189,0.3183
4,190,0.3128
4,191,0.3086
4,192,0.3046
4,193,0.3009
4,194,0.2986
4,195,0.2952
4,196,0.2917
4,197,0.2881
4,198,0.2848
4,199,0.2838
4,200,0.2925
4,201,0.3109
4,202,0.3361
4,203,0.3587
4,204,0.3751
4,205,0.3852
4,206,0.3889
4,207,0.3911
4,208,0.3903
4,209,0.3873
4,210,0.3823
4,211,0.3738
4,212,0.3665
4,213,0.3616
4,214,0.3544
4,215,0.3471
4,216,0.34
4,217,0.3333
4,218,0.3271
4,219,0.3214
4,220,0.3163
4,221,0.3117
4,222,0.3075
4,223,0.3037
4,224,0.3001
4,225,0.2968
4,226,0.2937
4,227,0.2908
4,228,0.2879
4,229,0.2851
4,230,0.2824
4,231,0.2848
4,232,0.2975
4,233,0.3192
4,234,0.3451
4,235,0.366
4,236,0.3799
4,237,0.3868
4,238,0.388
4,239,0.3848
4,240,0.3785
4,241,0.3703
4,242,0.3642
4,243,0.355
4,244,0.3454
4,245,0.336
4,246,0.3273
4,247,0.3196
4,248,0.3129
4,249,0.3071
4,250,0.3023
4,251,0.2982
4,252,0.2948
4,253,0.2918
4,254,0.2892
4,255,0.2868
4,256,0.2845
4,257,0.2822
4,258,0.2808
4,259,0.2785
4,260,0.2761
4,261,0.2736
4,262,0.2711
4,263,0.2678
4,264,0.2763
4,265,0.2947
4,266,0.3301
4,267,0.3795
4,268,0.4314
4,269,0.4551
4,270,0.4626
4,271,0.4579
4,272,0.4454
4,273,0.4286
4,274,0.4101
4,275,0.3918
4,276,0.3747
4,277,0.3596
4,278,0.3467
4,279,0.3363
4,280,0.3281
4,281,0.322
4,282,0.3175
4,283,0.3143
4,284,0.3121
4,285,0.3103
4,286,0.3088
4,287,0.3073
4,288,0.3057
4,289,0.3048
4,290,0.3113
4,291,0.3263
4,292,0.3476
4,293,0.3649
4,294,0.376
4,295,0.3805
4,296,0.3777
4,297,0.3732
4,298,0.3643
4,299,0.3535
4,300,0.3421
4,301,0.331
4,302,0.3209
4,303,0.312
4,304,0.3046
4,305,0.3004
4,306,0.2952
4,307,0.2908
4,308,0.2871
4,309,0.2842
4,310,0.2819
4,311,0.2806
4,312,0.2795
4,313,0.3123
4,314,0.3616
4,315,0.4151
4,316,0.4556
4,317,0.4792
4,318,0.4868
4,319,0.4846
4,320,0.474
4,321,0.4572
4,322,0.4369
4,323,0.4156
4,324,0.3951
4,325,0.3769
4,326,0.3615
4,327,0.3492
4,328,0.34
4,329,0.3335
4,330,0.3293
4,331,0.3268
4,332,0.3254
4,333,0.3247
4,334,0.3241
4,335,0.3233
4,336,0.322
4,337,0.3203
4,338,0.3179
4,339,0.3149
4,340,0.3115
4,341,0.3091
4,342,0.3039
4,343,0.3011
4,344,0.2996
4,345,0.3386
4,346,0.3705
4,347,0.4459
4,348,0.5102
4,349,0.5543
4,350,0.5745
4,351,0.574
4,352,0.5576
4,353,0.5309
4,354,0.5101
4,355,0.4682
4,356,0.4373
4,357,0.4115
4,358,0.3977
4,359,0.3814
4,360,0.3688
4,361,0.3597
4,362,0.3548
4,363,0.3728
4,364,0.4183
4,365,0.4645
4,366,0.4996
4,367,0.5195
4,368,0.5248
4,369,0.518
4,370,0.5023
4,371,0.481
4,372,0.4575
4,373,0.4341
4,374,0.4128
4,375,0.3946
4,376,0.3801
4,377,0.3692
4,378,0.3616
4,379,0.4015
4,380,0.4498
4,381,0.5383
4,382,0.6166
4,383,0.67
4,384,0.6941
4,385,0.6924
4,386,0.6707
4,387,0.6361
4,388,0.5953
4,389,0.5542
4,390,0.5165
4,391,0.4847
4,392,0.4597
4,393,0.4416
4,394,0.4297
4,395,0.4248
4,396,0.4205
4,397,0.4184
4,398,0.4177
4,399,0.4176
4,400,0.4174
5,1,0.4165
5,2,0.4165
5,3,0.7598
5,4,0.7598
5,5,0.7598
5,6,0.7598
5,7,0.7598
5,8,0.7599
5,9,0.7597
5,10,0.7595
5,11,0.7593
5,12,0.759
5,13,0.7587
5,14,0.7584
5,15,0.7579
5,16,0.7575
5,17,0.757
5,18,0.7563
5,19,0.7556
5,20,0.7547
5,21,0.7538
5,22,0.7528
5,23,0.7521
5,24,0.7508
5,25,0.7495
5,26,0.748
5,27,0.7464
5,28,0.7446
5,29,0.7426
5,30,0.7405
5,31,0.7382
5,32,0.7357
5,33,0.7339
5,34,0.7311
5,35,0.7281
5,36,0.7248
5,37,0.7214
5,38,0.7177
5,39,0.7139
5,40,0.7099
5,41,0.707
5,42,0.7026
5,43,0.6979
5,44,0.693
5,45,0.6879
5,46,0.6826
5,47,0.6771
5,48,0.6734
5,49,0.6675
5,50,0.6613
5,51,0.6549
5,52,0.6493
5,53,0.6464
5,54,0.6481
5,55,0.6468
5,56,0.6434
5,57,0.6399
5,58,0.6396
5,59,0.6405
5,60,0.6421
5,61,0.6438
5,62,0.645
5,63,0.6457
5,64,0.6459
5,65,0.6459
5,66,0.6455
5,67,0.6448
5,68,0.6437
5,69,0.6423
5,70,0.6405
5,71,0.6384
5,72,0.6367
5,73,0.633
5,74,0.6309
5,75,0.6275
5,76,0.6238
5,77,0.6196
5,78,0.6152
5,79,0.6105
5,80,0.6056
5,81,0.6004
5,82,0.5969
5,83,0.5914
5,84,0.5853
5,85,0.5792
5,86,0.5729
5,87,0.5665
5,88,0.56
5,89,0.5534
5,90,0.5466
5,91,0.5399
5,92,0.5329
5,93,0.526
5,94,0.5189
5,95,0.5119
5,96,0.5048
5,97,0.4978
5,98,0.4907
5,99,0.4837
5,100,0.4766
5,101,0.4697
5,102,0.4628
5,103,0.4561
5,104,0.4493
5,105,0.4427
5,106,0.4361
5,107,0.4298
5,108,0.4234
5,109,0.4172
5,110,0.4111
5,111,0.4052
5,112,0.3994
5,113,0.3937
5,114,0.3881
5,115,0.3845
5,116,0.3792
5,117,0.3737
5,118,0.3683
5,119,0.363
5,120,0.3581
5,121,0.3539
5,122,0.3535
5,123,0.3567
5,124,0.3636
5,125,0.3739
5,126,0.3866
5,127,0.3981
5,128,0.4064
5,129,0.412
5,130,0.4152
5,131,0.417
5,132,0.4176
5,133,0.4174
5,134,0.4168
5,135,0.4154
5,136,0.4134
5,137,0.4108
5,138,0.4078
5,139,0.4044
5,140,0.4008
5,141,0.3969
5,142,0.393
5,143,0.3888
5,144,0.3846
5,145,0.3804
5,146,0.3762
5,147,0.3719
5,148,0.3677
5,149,0.3635
5,150,0.3594
5,151,0.3552
5,152,0.3526
5,153,0.3487
5,154,0.3446
5,155,0.3405
5,156,0.3365
5,157,0.3327
5,158,0.329
5,159,0.3255
5,160,0.3221
5,161,0.3189
5,162,0.3156
5,163,0.3135
5,164,0.3105
5,165,0.3073
5,166,0.3041
5,167,0.3042
5,168,0.3129
5,169,0.325
5,170,0.3443
5,171,0.3625
5,172,0.3756
5,173,0.383
5,174,0.3861
5,175,0.3859
5,176,0.3836
5,177,0.3801
5,178,0.3758
5,179,0.3711
5,180,0.3663
5,181,0.3614
5,182,0.3565
5,183,0.3518
5,184,0.3473
5,185,0.3443
5,186,0.3401
5,187,0.3359
5,188,0.3317
5,189,0.3277
5,190,0.324
5,191,0.3206
5,192,0.3173
5,193,0.3142
5,194,0.3123
5,195,0.3094
5,196,0.3063
5,197,0.3033
5,198,0.3004
5,199,0.2976
5,200,0.2949
5,201,0.2947
5,202,0.3033
5,203,0.3204
5,204,0.3449
5,205,0.3668
5,206,0.3812
5,207,0.3881
5,208,0.3888
5,209,0.3854
5,210,0.3795
5,211,0.3724
5,212,0.3674
5,213,0.3601
5,214,0.3528
5,215,0.3457
5,216,0.3394
5,217,0.3338
5,218,0.329
5,219,0.3248
5,220,0.3212
5,221,0.3179
5,222,0.315
5,223,0.3132
5,224,0.3106
5,225,0.3079
5,226,0.3051
5,227,0.3024
5,228,0.2998
5,229,0.2972
5,230,0.2947
5,231,0.2923
5,232,0.2899
5,233,0.2887
5,234,0.2938
5,235,0.3082
5,236,0.3313
5,237,0.3557
5,238,0.3728
5,239,0.3813
5,240,0.3822
5,241,0.3776
5,242,0.3696
5,243,0.36
5,244,0.3503
5,245,0.3412
5,246,0.3331
5,247,0.3284
5,248,0.3224
5,249,0.3169
5,250,0.3122
5,251,0.3083
5,252,0.3052
5,253,0.3027
5,254,0.3005
5,255,0.2986
5,256,0.2968
5,257,0.295
5,258,0.2931
5,259,0.2911
5,260,0.289
5,261,0.2868
5,262,0.2845
5,263,0.2822
5,264,0.28
5,265,0.2777
5,266,0.2763
5,267,0.2894
5,268,0.3187
5,269,0.3669
5,270,0.4107
5,271,0.4391
5,272,0.4484
5,273,0.4512
5,274,0.4449
5,275,0.4274
5,276,0.4161
5,277,0.4002
5,278,0.385
5,279,0.3714
5,280,0.3603
5,281,0.3518
5,282,0.3457
5,283,0.3406
5,284,0.3391
5,285,0.3378
5,286,0.3369
5,287,0.3358
5,288,0.3345
5,289,0.3327
5,290,0.3304
5,291,0.3278
5,292,0.3258
5,293,0.3325
5,294,0.349
5,295,0.3689
5,296,0.3834
5,297,0.3903
5,298,0.3907
5,299,0.3868
5,300,0.3792
5,301,0.3693
5,302,0.3588
5,303,0.3486
5,304,0.3425
5,305,0.3322
5,306,0.3278
5,307,0.3228
5,308,0.319
5,309,0.316
5,310,0.3138
5,311,0.312
5,312,0.3105
5,313,0.3089
5,314,0.3078
5,315,0.3077
5,316,0.3389
5,317,0.3771
5,318,0.4272
5,319,0.4538
5,320,0.4777
5,321,0.4859
5,322,0.4807
5,323,0.4653
5,324,0.4443
5,325,0.4217
5,326,0.4009
5,327,0.3837
5,328,0.3708
5,329,0.3621
5,330,0.3569
5,331,0.3544
5,332,0.3538
5,333,0.354
5,334,0.3544
5,335,0.3543
5,336,0.3534
5,337,0.3516
5,338,0.3489
5,339,0.3455
5,340,0.3415
5,341,0.3373
5,342,0.333
5,343,0.3288
5,344,0.3248
5,345,0.321
5,346,0.3187
5,347,0.3163
5,348,0.3718
5,349,0.4
5,350,0.4494
5,351,0.5302
5,352,0.5706
5,353,0.5812
5,354,0.5655
5,355,0.5338
5,356,0.5086
5,357,0.4725
5,358,0.4288
5,359,0.4027
5,360,0.3876
5,361,0.382
5,362,0.3826
5,363,0.3867
5,364,0.3919
5,365,0.4017
5,366,0.4363
5,367,0.4853
5,368,0.5238
5,369,0.544
5,370,0.5452
5,371,0.5374
5,372,0.5183
5,373,0.494
5,374,0.4686
5,375,0.4457
5,376,0.4272
5,377,0.4137
5,378,0.405
5,379,0.4002
5,380,0.3985
5,381,0.3985
5,382,0.4366
5,383,0.4907
5,384,0.5782
5,385,0.6509
5,386,0.6922
5,387,0.6987
5,388,0.6768
5,389,0.6369
5,390,0.5903
5,391,0.5601
5,392,0.5108
5,393,0.4912
5,394,0.4684
5,395,0.4626
5,396,0.4626
5,397,0.4654
5,398,0.4693
5,399,0.4725
5,400,0.4739
6,1,0.4731
6,2,0.7598
6,3,0.7598
6,4,0.7598
6,5,0.7598
6,6,0.7598
6,7,0.7599
6,8,0.7597
6,9,0.7595
6,10,0.7593
6,11,0.759
6,12,0.7588
6,13,0.7585
6,14,0.758
6,15,0.7575
6,16,0.757
6,17,0.7564
6,18,0.7556
6,19,0.7549
6,20,0.754
6,21,0.7531
6,22,0.7524
6,23,0.7513
6,24,0.7487
6,25,0.7473
6,26,0.7457
6,27,0.744
6,28,0.7421
6,29,0.74
6,30,0.7377
6,31,0.7353
6,32,0.7326
6,33,0.7298
6,34,0.7277
6,35,0.7246
6,36,0.7211
6,37,0.7175
6,38,0.7137
6,39,0.7098
6,40,0.7056
6,41,0.7013
6,42,0.6967
6,43,0.692
6,44,0.6887
6,45,0.6836
6,46,0.6781
6,47,0.6725
6,48,0.6669
6,49,0.661
6,50,0.655
6,51,0.6501
6,52,0.6483
6,53,0.6491
6,54,0.6529
6,55,0.6447
6,56,0.6414
6,57,0.6412
6,58,0.6428
6,59,0.6448
6,60,0.6466
6,61,0.6477
6,62,0.6483
6,63,0.6485
6,64,0.6485
6,65,0.6482
6,66,0.6475
6,67,0.6465
6,68,0.6451
6,69,0.6434
6,70,0.6413
6,71,0.6389
6,72,0.6362
6,73,0.6333
6,74,0.63
6,75,0.6263
6,76,0.6224
6,77,0.6183
6,78,0.6139
6,79,0.6093
6,80,0.6061
6,81,0.6013
6,82,0.5959
6,83,0.5903
6,84,0.5847
6,85,0.579
6,86,0.5732
6,87,0.5673
6,88,0.5634
6,89,0.5575
6,90,0.5512
6,91,0.5448
6,92,0.5384
6,93,0.532
6,94,0.5258
6,95,0.5195
6,96,0.5132
6,97,0.5069
6,98,0.5007
6,99,0.4965
6,100,0.4903
6,101,0.4839
6,102,0.4775
6,103,0.4713
6,104,0.4653
6,105,0.4595
6,106,0.4537
6,107,0.45
6,108,0.4445
6,109,0.4387
6,110,0.4329
6,111,0.4273
6,112,0.4221
6,113,0.4169
6,114,0.412
6,115,0.4072
6,116,0.4026
6,117,0.3979
6,118,0.3949
6,119,0.3891
6,120,0.3846
6,121,0.3835
6,122,0.3873
6,123,0.3948
6,124,0.4054
6,125,0.4178
6,126,0.4284
6,127,0.4355
6,128,0.4384
6,129,0.4409
6,130,0.4423
6,131,0.4427
6,132,0.442
6,133,0.4405
6,134,0.4383
6,135,0.4356
6,136,0.4324
6,137,0.429
6,138,0.4254
6,139,0.4215
6,140,0.4176
6,141,0.4136
6,142,0.4095
6,143,0.4054
6,144,0.4027
6,145,0.3986
6,146,0.3944
6,147,0.3901
6,148,0.3859
6,149,0.3819
6,150,0.378
6,151,0.3743
6,152,0.3719
6,153,0.3683
6,154,0.3645
6,155,0.3607
6,156,0.357
6,157,0.3535
6,158,0.3502
6,159,0.347
6,160,0.344
6,161,0.341
6,162,0.338
6,163,0.3351
6,164,0.3322
6,165,0.3304
6,166,0.3288
6,167,0.3332
6,168,0.3444
6,169,0.3612
6,170,0.38
6,171,0.3934
6,172,0.4002
6,173,0.4015
6,174,0.3993
6,175,0.3952
6,176,0.3904
6,177,0.3855
6,178,0.3807
6,179,0.3761
6,180,0.3717
6,181,0.3675
6,182,0.3635
6,183,0.3597
6,184,0.356
6,185,0.3526
6,186,0.3493
6,187,0.3462
6,188,0.3431
6,189,0.3402
6,190,0.3374
6,191,0.3346
6,192,0.3319
6,193,0.3292
6,194,0.3274
6,195,0.3248
6,196,0.322
6,197,0.3192
6,198,0.3164
6,199,0.3138
6,200,0.3146
6,201,0.3253
6,202,0.3453
6,203,0.3698
6,204,0.383
6,205,0.395
6,206,0.3999
6,207,0.3993
6,208,0.3945
6,209,0.3875
6,210,0.3799
6,211,0.3725
6,212,0.3659
6,213,0.3603
6,214,0.3569
6,215,0.3525
6,216,0.3482
6,217,0.3442
6,218,0.3407
6,219,0.3376
6,220,0.3348
6,221,0.3322
6,222,0.3306
6,223,0.3282
6,224,0.3257
6,225,0.323
6,226,0.3204
6,227,0.3178
6,228,0.3153
6,229,0.3128
6,230,0.3105
6,231,0.3082
6,232,0.3067
6,233,0.3155
6,234,0.3317
6,235,0.3473
6,236,0.3699
6,237,0.3858
6,238,0.3929
6,239,0.3915
6,240,0.3842
6,241,0.374
6,242,0.3633
6,243,0.3537
6,244,0.3459
6,245,0.3399
6,246,0.3355
6,247,0.3332
6,248,0.3305
6,249,0.3279
6,250,0.3255
6,251,0.3233
6,252,0.3212
6,253,0.3198
6,254,0.3177
6,255,0.3154
6,256,0.313
6,257,0.3106
6,258,0.3082
6,259,0.3058
6,260,0.3035
6,261,0.3013
6,262,0.2991
6,263,0.2963
6,264,0.2949
6,265,0.2931
6,266,0.2975
6,267,0.3219
6,268,0.3606
6,269,0.4072
6,270,0.4389
6,271,0.4507
6,272,0.4449
6,273,0.4277
6,274,0.406
6,275,0.3919
6,276,0.3698
6,277,0.3613
6,278,0.3529
6,279,0.348
6,280,0.3451
6,281,0.3438
6,282,0.3433
6,283,0.3429
6,284,0.3423
6,285,0.3411
6,286,0.3394
6,287,0.3371
6,288,0.3343
6,289,0.3314
6,290,0.3283
6,291,0.3252
6,292,0.3266
6,293,0.3384
6,294,0.3591
6,295,0.3768
6,296,0.3861
6,297,0.3863
6,298,0.3791
6,299,0.3675
6,300,0.3548
6,301,0.3431
6,302,0.3338
6,303,0.3273
6,304,0.3233
6,305,0.3217
6,306,0.3203
6,307,0.3193
6,308,0.3184
6,309,0.3174
6,310,0.3161
6,311,0.3144
6,312,0.3124
6,313,0.3101
6,314,0.3111
6,315,0.3498
6,316,0.3661
6,317,0.4098
6,318,0.4447
6,319,0.4626
6,320,0.4609
6,321,0.4443
6,322,0.4197
6,323,0.3943
6,324,0.373
6,325,0.3583
6,326,0.3501
6,327,0.3472
6,328,0.3478
6,329,0.3502
6,330,0.3528
6,331,0.3544
6,332,0.3546
6,333,0.3533
6,334,0.3506
6,335,0.3469
6,336,0.3427
6,337,0.3384
6,338,0.3342
6,339,0.3305
6,340,0.3272
6,341,0.3244
6,342,0.322
6,343,0.3199
6,344,0.3185
6,345,0.3165
6,346,0.3151
6,347,0.34
6,348,0.3736
6,349,0.4493
6,350,0.5119
6,351,0.5461
6,352,0.5501
6,353,0.5359
6,354,0.5071
6,355,0.4732
6,356,0.4326
6,357,0.4172
6,358,0.4045
6,359,0.3995
6,360,0.3992
6,361,0.4018
6,362,0.4052
6,363,0.4076
6,364,0.4087
6,365,0.4177
6,366,0.4533
6,367,0.4953
6,368,0.524
6,369,0.5323
6,370,0.5142
6,371,0.4956
6,372,0.4664
6,373,0.4388
6,374,0.4168
6,375,0.4029
6,376,0.3965
6,377,0.3958
6,378,0.3987
6,379,0.4027
6,380,0.4059
6,381,0.4099
6,382,0.4631
6,383,0.541
6,384,0.6213
6,385,0.6689
6,386,0.6763
6,387,0.6493
6,388,0.6019
6,389,0.5495
6,390,0.5042
6,391,0.4733
6,392,0.4577
6,393,0.4548
6,394,0.4601
6,395,0.4688
6,396,0.4744
6,397,0.4799
6,398,0.4822
6,399,0.4809
6,400,0.4764
