0,1,0.7598
0,2,0.7598
0,3,0.7598
0,4,0.7598
0,5,0.7598
0,6,0.7599
0,7,0.7597
0,8,0.7595
0,9,0.7592
0,10,0.7588
0,11,0.7583
0,12,0.7577
0,13,0.7573
0,14,0.7565
0,15,0.7557
0,16,0.7548
0,17,0.7542
0,18,0.7531
0,19,0.752
0,20,0.7506
0,21,0.7497
0,22,0.7481
0,23,0.7463
0,24,0.7444
0,25,0.743
0,26,0.7408
0,27,0.7383
0,28,0.7355
0,29,0.7335
0,30,0.7303
0,31,0.7268
0,32,0.7229
0,33,0.72
0,34,0.7154
0,35,0.7104
0,36,0.7048
0,37,0.7009
0,38,0.6946
0,39,0.6877
0,40,0.6804
0,41,0.6725
0,42,0.6669
0,43,0.6581
0,44,0.6486
0,45,0.6385
0,46,0.6278
0,47,0.6164
0,48,0.6084
0,49,0.5959
0,50,0.5827
0,51,0.5687
0,52,0.554
0,53,0.5437
0,54,0.5278
0,55,0.5126
0,56,0.5
0,57,0.4943
0,58,0.4845
0,59,0.4673
0,60,0.4525
0,61,0.4396
0,62,0.4317
0,63,0.4204
0,64,0.4093
0,65,0.3977
0,66,0.3855
0,67,0.377
0,68,0.3638
0,69,0.3499
0,70,0.3353
0,71,0.3253
0,72,0.3097
0,73,0.2936
0,74,0.2824
0,75,0.2653
0,76,0.2476
0,77,0.2294
0,78,0.2107
0,79,0.1979
0,80,0.1785
0,81,0.1586
0,82,0.1384
0,83,0.1247
0,84,0.1041
0,85,0.0832
0,86,0.0624
0,87,0.0483
0,88,0.0275
0,89,0.0066
0,90,-0.0142
0,91,-0.0279
0,92,-0.0484
0,93,-0.0682
0,94,-0.088
0,95,-0.1009
0,96,-0.1196
0,97,-0.1379
0,98,-0.1553
0,99,-0.1666
0,100,-0.1827
0,101,-0.1978
0,102,-0.212
0,103,-0.2208
0,104,-0.2329
0,105,-0.2439
0,106,-0.2504
0,107,-0.259
0,108,-0.2661
0,109,-0.27
0,110,-0.2745
0,111,-0.2774
0,112,-0.2784
0,113,-0.2784
0,114,-0.2767
0,115,-0.2731
0,116,-0.2698
0,117,-0.2633
0,118,-0.2548
0,119,-0.2446
0,120,-0.2368
0,121,-0.2235
0,122,-0.2085
0,123,-0.1918
0,124,-0.1733
0,125,-0.1601
0,126,-0.1391
0,127,-0.1166
0,128,-0.0926
0,129,-0.0744
0,130,-0.0423
0,131,-0.0058
0,132,0.0386
0,133,0.087
0,134,0.1386
0,135,0.1903
0,136,0.2246
0,137,0.2756
0,138,0.3259
0,139,0.3749
0,140,0.4225
0,141,0.4532
0,142,0.4973
0,143,0.5389
0,144,0.5777
0,145,0.6135
0,146,0.6354
0,147,0.665
0,148,0.6906
0,149,0.7054
0,150,0.7236
0,151,0.7373
0,152,0.7461
0,153,0.7491
0,154,0.7495
0,155,0.7444
0,156,0.7342
0,157,0.7184
0,158,0.705
0,159,0.6805
0,160,0.6507
0,161,0.6159
0,162,0.576
0,163,0.5468
0,164,0.4994
0,165,0.4477
0,166,0.4111
0,167,0.3535
0,168,0.2925
0,169,0.2289
0,170,0.1852
0,171,0.1182
0,172,0.0501
0,173,-0.0188
0,174,-0.0878
0,175,-0.1336
0,176,-0.201
0,177,-0.2629
0,178,-0.3153
0,179,-0.3441
0,180,-0.378
0,181,-0.4048
0,182,-0.4272
0,183,-0.4396
0,184,-0.454
0,185,-0.4632
0,186,-0.467
0,187,-0.4665
0,188,-0.4609
0,189,-0.4496
0,190,-0.4325
0,191,-0.4096
0,192,-0.3912
0,193,-0.359
0,194,-0.3214
0,195,-0.2786
0,196,-0.231
0,197,-0.1967
0,198,-0.142
0,199,-0.0837
0,200,-0.0221
0,201,0.0204
0,202,0.0857
0,203,0.1525
0,204,0.2201
0,205,0.2652
0,206,0.3322
0,207,0.3979
0,208,0.4406
0,209,0.5023
0,210,0.5605
0,211,0.6146
0,212,0.6639
0,213,0.7126
0,214,0.7468
0,215,0.8004
0,216,0.855
0,217,0.903
0,218,0.942
0,219,0.9625
0,220,0.9846
0,221,0.9959
0,222,0.996
0,223,0.9848
0,224,0.962
0,225,0.9404
0,226,0.8986
0,227,0.8456
0,228,0.7818
0,229,0.7334
0,230,0.6529
0,231,0.5629
0,232,0.4645
0,233,0.3583
0,234,0.2839
0,235,0.1679
0,236,0.0476
0,237,-0.0757
0,238,-0.2005
0,239,-0.3252
0,240,-0.4481
0,241,-0.5283
0,242,-0.644
0,243,-0.7532
0,244,-0.8544
0,245,-0.9459
0,246,-1.0006
0,247,-1.0663
0,248,-1.1073
0,249,-1.1222
0,250,-1.1154
0,251,-1.1014
0,252,-1.0662
0,253,-1.0138
0,254,-0.9445
0,255,-0.8586
0,256,-0.7925
0,257,-0.6809
0,258,-0.5551
0,259,-0.4162
0,260,-0.2656
0,261,-0.1596
0,262,0.0628
0,263,0.1785
0,264,0.355
0,265,0.5334
0,266,0.7113
0,267,0.886
0,268,1.0547
0,269,1.1626
0,270,1.3149
0,271,1.4538
0,272,1.5771
0,273,1.7131
0,274,1.8933
0,275,1.8887
0,276,1.8575
0,277,1.7986
0,278,1.7162
0,279,1.6258
0,280,1.52
0,281,1.4093
0,282,1.2753
0,283,1.1729
0,284,1.0015
0,285,0.8102
0,286,0.601
0,287,0.3764
0,288,0.1394
0,289,-0.107
0,290,-0.3594
0,291,-0.6141
0,292,-0.8673
0,293,-1.033
0,294,-1.2733
0,295,-1.5008
0,296,-1.7119
0,297,-1.8413
0,298,-2.0148
0,299,-2.1609
0,300,-2.2764
0,301,-2.3582
0,302,-2.4035
0,303,-2.4104
0,304,-2.3927
0,305,-2.3324
0,306,-2.2282
0,307,-2.0731
0,308,-1.8693
0,309,-1.6267
0,310,-1.3495
0,311,-1.0409
0,312,-0.7048
0,313,-0.3452
0,314,0.0333
0,315,0.4257
0,316,0.8264
0,317,1.2294
0,318,1.6292
0,319,2.0199
0,320,2.3952
0,321,2.7472
0,322,3.0695
0,323,3.3559
0,324,3.5902
0,325,3.7655
0,326,3.883
0,327,3.9293
0,328,3.95
0,329,3.9101
0,330,3.808
0,331,3.6603
0,332,3.4617
0,333,3.2146
0,334,2.9288
0,335,2.5946
0,336,2.2156
0,337,1.7959
0,338,1.34
0,339,1.019
0,340,0.5177
0,341,-0.0033
0,342,-0.5385
0,343,-1.0807
0,344,-1.6232
0,345,-2.1593
0,346,-2.68
0,347,-3.177
0,348,-3.4846
0,349,-3.8998
0,350,-4.2911
0,351,-4.6765
0,352,-5.0256
0,353,-5.1979
0,354,-5.3952
0,355,-5.5224
0,356,-5.5883
0,357,-5.6163
0,358,-5.6266
0,359,-5.6087
0,360,-5.5671
0,361,-5.4926
0,362,-5.4008
0,363,-5.3156
0,364,-5.2396
0,365,-5.1854
0,366,-5.1343
0,367,-5.1027
0,368,-5.0987
0,369,-5.1089
0,370,-5.1247
0,371,-5.1372
0,372,-5.1505
0,373,-5.1697
0,374,-5.1911
0,375,-5.19
0,376,-5.1852
0,377,-5.1793
0,378,-5.1738
0,379,-5.1716
0,380,-5.1719
0,381,-5.1747
0,382,-5.1781
0,383,-5.1793
0,384,-5.1783
0,385,-5.1774
0,386,-5.1772
0,387,-5.1775
0,388,-5.1782
0,389,-5.1782
0,390,-5.1782
0,391,-5.1782
0,392,-5.1782
0,393,-5.1782
0,394,-5.1782
0,395,-5.1782
0,396,-5.1782
0,397,-5.1782
0,398,-5.1782
0,399,-5.1782
0,400,-5.1782
1,1,-5.1782
1,2,-5.1782
1,3,0.7598
1,4,0.7598
1,5,0.7598
1,6,0.7598
1,7,0.7598
1,8,0.7598
1,9,0.7596
1,10,0.7594
1,11,0.7589
1,12,0.7585
1,13,0.7579
1,14,0.7573
1,15,0.7568
1,16,0.756
1,17,0.755
1,18,0.754
1,19,0.7528
1,20,0.7515
1,21,0.7506
1,22,0.7491
1,23,0.7474
1,24,0.7456
1,25,0.7436
1,26,0.7413
1,27,0.7396
1,28,0.737
1,29,0.734
1,30,0.7308
1,31,0.7273
1,32,0.7234
1,33,0.7192
1,34,0.7144
1,35,0.711
1,36,0.7056
1,37,0.6997
1,38,0.6933
1,39,0.6865
1,40,0.6791
1,41,0.6712
1,42,0.6628
1,43,0.6539
1,44,0.6443
1,45,0.6376
1,46,0.6271
1,47,0.616
1,48,0.6041
1,49,0.5917
1,50,0.5787
1,51,0.5696
1,52,0.5555
1,53,0.5406
1,54,0.5262
1,55,0.5144
1,56,0.5074
1,57,0.4964
1,58,0.4809
1,59,0.4681
1,60,0.4571
1,61,0.4504
1,62,0.4409
1,63,0.4315
1,64,0.4215
1,65,0.4109
1,66,0.3997
1,67,0.388
1,68,0.3757
1,69,0.3672
1,70,0.3541
1,71,0.3403
1,72,0.3261
1,73,0.3113
1,74,0.2961
1,75,0.2806
1,76,0.2646
1,77,0.2537
1,78,0.2372
1,79,0.2202
1,80,0.203
1,81,0.1856
1,82,0.168
1,83,0.1563
1,84,0.1388
1,85,0.1211
1,86,0.1033
1,87,0.0859
1,88,0.0685
1,89,0.0572
1,90,0.0405
1,91,0.0238
1,92,0.0075
1,93,-0.0084
1,94,-0.0237
1,95,-0.0384
1,96,-0.0479
1,97,-0.0614
1,98,-0.0745
1,99,-0.0867
1,100,-0.0981
1,101,-0.1084
1,102,-0.1179
1,103,-0.1264
1,104,-0.1338
1,105,-0.1401
1,106,-0.1454
1,107,-0.1494
1,108,-0.1515
1,109,-0.1537
1,110,-0.1547
1,111,-0.1545
1,112,-0.1531
1,113,-0.1505
1,114,-0.1468
1,115,-0.142
1,116,-0.1381
1,117,-0.1314
1,118,-0.1237
1,119,-0.1148
1,120,-0.1051
1,121,-0.0946
1,122,-0.087
1,123,-0.0752
1,124,-0.0624
1,125,-0.0461
1,126,-0.0249
1,127,-0.003
1,128,0.0324
1,129,0.0677
1,130,0.0919
1,131,0.127
1,132,0.1614
1,133,0.1945
1,134,0.2259
1,135,0.2555
1,136,0.2832
1,137,0.3005
1,138,0.3246
1,139,0.3465
1,140,0.3662
1,141,0.3831
1,142,0.3975
1,143,0.4055
1,144,0.4152
1,145,0.4223
1,146,0.4265
1,147,0.428
1,148,0.4266
1,149,0.4226
1,150,0.4185
1,151,0.4101
1,152,0.3993
1,153,0.386
1,154,0.3707
1,155,0.3532
1,156,0.3341
1,157,0.3204
1,158,0.2987
1,159,0.2756
1,160,0.2513
1,161,0.2263
1,162,0.2007
1,163,0.1835
1,164,0.1578
1,165,0.1318
1,166,0.1061
1,167,0.081
1,168,0.0568
1,169,0.0412
1,170,0.0189
1,171,0.0029
1,172,0.0239
1,173,-0.0213
1,174,-0.0137
1,175,-0.0021
1,176,0.0111
1,177,0.0201
1,178,0.0338
1,179,0.0477
1,180,0.0617
1,181,0.0755
1,182,0.0891
1,183,0.1022
1,184,0.1147
1,185,0.1265
1,186,0.1339
1,187,0.1443
1,188,0.1696
1,189,0.1758
1,190,0.1801
1,191,0.1828
1,192,0.1842
1,193,0.1844
1,194,0.1839
1,195,0.1821
1,196,0.1791
1,197,0.1751
1,198,0.1701
1,199,0.1642
1,200,0.1574
1,201,0.15
1,202,0.142
1,203,0.1364
1,204,0.1313
1,205,0.1359
1,206,0.1499
1,207,0.1711
1,208,0.1918
1,209,0.2106
1,210,0.2271
1,211,0.2411
1,212,0.2491
1,213,0.2589
1,214,0.2661
1,215,0.2706
1,216,0.2725
1,217,0.2716
1,218,0.2681
1,219,0.2622
1,220,0.2539
1,221,0.2434
1,222,0.2309
1,223,0.2217
1,224,0.2066
1,225,0.19
1,226,0.1724
1,227,0.1541
1,228,0.1353
1,229,0.1164
1,230,0.0976
1,231,0.0793
1,232,0.0617
1,233,0.0451
1,234,0.0297
1,235,0.0202
1,236,0.0087
1,237,-0.0278
1,238,0.0196
1,239,0.0421
1,240,0.0682
1,241,0.0934
1,242,0.1179
1,243,0.1412
1,244,0.163
1,245,0.1828
1,246,0.2005
1,247,0.2158
1,248,0.2284
1,249,0.2383
1,250,0.2433
1,251,0.2484
1,252,0.2508
1,253,0.2503
1,254,0.247
1,255,0.2411
1,256,0.2327
1,257,0.2221
1,258,0.2094
1,259,0.195
1,260,0.1791
1,261,0.1621
1,262,0.1443
1,263,0.126
1,264,0.1075
1,265,0.0954
1,266,0.0775
1,267,0.0602
1,268,0.0438
1,269,0.0298
1,270,0.0501
1,271,0.0528
1,272,0.0953
1,273,0.1421
1,274,0.1875
1,275,0.2299
1,276,0.2684
1,277,0.2916
1,278,0.3223
1,279,0.3482
1,280,0.3687
1,281,0.3833
1,282,0.392
1,283,0.3946
1,284,0.3913
1,285,0.3822
1,286,0.3678
1,287,0.3483
1,288,0.3244
1,289,0.2965
1,290,0.2761
1,291,0.2433
1,292,0.2081
1,293,0.1714
1,294,0.134
1,295,0.0971
1,296,0.0704
1,297,0.0513
1,298,0.044
1,299,0.0402
1,300,0.0344
1,301,0.0324
1,302,0.0304
1,303,0.0297
1,304,0.0303
1,305,0.0321
1,306,0.035
1,307,0.039
1,308,0.044
1,309,0.0497
1,310,0.0561
1,311,0.0631
1,312,0.0703
1,313,0.0778
1,314,0.0828
1,315,0.0901
1,316,0.0973
1,317,0.1041
1,318,0.1112
1,319,-0.1654
1,320,0.1909
1,321,0.2704
1,322,0.3458
1,323,0.4083
1,324,0.4624
1,325,0.5071
1,326,0.5419
1,327,0.5662
1,328,0.5797
1,329,0.5827
1,330,0.5784
1,331,0.564
1,332,0.5398
1,333,0.5067
1,334,0.4654
1,335,0.417
1,336,0.3629
1,337,0.3043
1,338,0.2426
1,339,0.1794
1,340,0.1159
1,341,0.0536
1,342,-0.0061
1,343,-0.062
1,344,-0.0966
1,345,-0.1435
1,346,-0.1846
1,347,-0.2189
1,348,-0.2454
1,349,-0.2638
1,350,-0.2738
1,351,-0.2746
1,352,-0.2507
1,353,-0.1574
1,354,-0.0517
1,355,0.0559
1,356,0.1615
1,357,0.2624
1,358,0.3566
1,359,0.4419
1,360,0.5167
1,361,0.5796
1,362,0.6293
1,363,0.665
1,364,0.6864
1,365,0.6926
1,366,0.6901
1,367,0.674
1,368,0.6449
1,369,0.6065
1,370,0.5811
1,371,0.5683
1,372,0.5474
1,373,0.5171
1,374,0.478
1,375,0.4309
1,376,0.3773
1,377,0.3184
1,378,0.2558
1,379,0.2127
1,380,0.1477
1,381,0.0823
1,382,0.0183
1,383,-0.0424
1,384,-0.0984
1,385,-0.1485
1,386,-0.1861
1,387,-0.142
1,388,-0.0675
1,389,0.0133
1,390,0.0947
1,391,0.1742
1,392,0.2498
1,393,0.3198
1,394,0.3625
1,395,0.4364
1,396,0.4816
1,397,0.5059
1,398,0.5328
1,399,0.5488
1,400,0.5536
2,1,0.5471
2,2,0.5471
2,3,0.7598
2,4,0.7598
2,5,0.7598
2,6,0.7598
2,7,0.7598
2,8,0.7598
2,9,0.7596
2,10,0.7594
2,11,0.759
2,12,0.7586
2,13,0.7581
2,14,0.7575
2,15,0.757
2,16,0.7563
2,17,0.7555
2,18,0.7545
2,19,0.7534
2,20,0.7522
2,21,0.7513
2,22,0.7499
2,23,0.7484
2,24,0.7467
2,25,0.7448
2,26,0.7427
2,27,0.7412
2,28,0.7388
2,29,0.7361
2,30,0.7331
2,31,0.7298
2,32,0.7274
2,33,0.7236
2,34,0.7193
2,35,0.7146
2,36,0.7094
2,37,0.7039
2,38,0.6999
2,39,0.6937
2,40,0.6869
2,41,0.6796
2,42,0.6719
2,43,0.6636
2,44,0.6549
2,45,0.6488
2,46,0.6392
2,47,0.6289
2,48,0.6181
2,49,0.6067
2,50,0.5948
2,51,0.5866
2,52,0.5737
2,53,0.5601
2,54,0.546
2,55,0.5325
2,56,0.5248
2,57,0.5167
2,58,0.5158
2,59,0.4954
2,60,0.4823
2,61,0.4719
2,62,0.4631
2,63,0.4576
2,64,0.4496
2,65,0.441
2,66,0.4319
2,67,0.4222
2,68,0.4155
2,69,0.405
2,70,0.3939
2,71,0.3824
2,72,0.3704
2,73,0.3581
2,74,0.3454
2,75,0.3322
2,76,0.3188
2,77,0.3096
2,78,0.2957
2,79,0.2813
2,80,0.2666
2,81,0.2517
2,82,0.2368
2,83,0.2268
2,84,0.2118
2,85,0.1965
2,86,0.1812
2,87,0.1662
2,88,0.1512
2,89,0.1365
2,90,0.1219
2,91,0.1124
2,92,0.0985
2,93,0.0845
2,94,0.0709
2,95,0.0576
2,96,0.0451
2,97,0.033
2,98,0.0216
2,99,0.0106
2,100,0.0038
2,101,-0.0059
2,102,-0.0153
2,103,-0.0239
2,104,-0.0292
2,105,-0.0365
2,106,-0.0431
2,107,-0.049
2,108,-0.0539
2,109,-0.0581
2,110,-0.0614
2,111,-0.0639
2,112,-0.0655
2,113,-0.0664
2,114,-0.0665
2,115,-0.0657
2,116,-0.0649
2,117,-0.063
2,118,-0.0603
2,119,-0.057
2,120,-0.0531
2,121,-0.0487
2,122,-0.0436
2,123,-0.0381
2,124,-0.0321
2,125,-0.0258
2,126,-0.0199
2,127,-0.0075
2,128,0.0109
2,129,0.0325
2,130,0.0582
2,131,0.086
2,132,0.1121
2,133,0.1364
2,134,0.1587
2,135,0.1792
2,136,0.1976
2,137,0.2143
2,138,0.2289
2,139,0.2376
2,140,0.249
2,141,0.2588
2,142,0.2668
2,143,0.2728
2,144,0.277
2,145,0.2793
2,146,0.28
2,147,0.279
2,148,0.2775
2,149,0.2741
2,150,0.2694
2,151,0.2634
2,152,0.2563
2,153,0.2482
2,154,0.2393
2,155,0.2296
2,156,0.2229
2,157,0.2125
2,158,0.2014
2,159,0.19
2,160,0.1785
2,161,0.167
2,162,0.1594
2,163,0.1483
2,164,0.1372
2,165,0.1264
2,166,0.116
2,167,0.1062
2,168,0.0971
2,169,0.0886
2,170,0.0834
2,171,0.0761
2,172,0.0722
2,173,0.0796
2,174,0.0868
2,175,0.1053
2,176,0.1194
2,177,0.1453
2,178,0.1627
2,179,0.1774
2,180,0.1858
2,181,0.1964
2,182,0.2051
2,183,0.2117
2,184,0.2163
2,185,0.2188
2,186,0.2194
2,187,0.2182
2,188,0.2165
2,189,0.2129
2,190,0.2078
2,191,0.2016
2,192,0.1945
2,193,0.1866
2,194,0.178
2,195,0.1691
2,196,0.1599
2,197,0.1506
2,198,0.1444
2,199,0.1352
2,200,0.1262
2,201,0.1173
2,202,0.1089
2,203,0.1011
2,204,0.0962
2,205,0.0895
2,206,0.0833
2,207,0.0845
2,208,0.096
2,209,0.1178
2,210,0.1355
2,211,0.1602
2,212,0.1823
2,213,0.2013
2,214,0.2168
2,215,0.2288
2,216,0.2373
2,217,0.2425
2,218,0.2447
2,219,0.244
2,220,0.2421
2,221,0.2373
2,222,0.2305
2,223,0.2218
2,224,0.2118
2,225,0.2006
2,226,0.1886
2,227,0.1761
2,228,0.1676
2,229,0.155
2,230,0.1422
2,231,0.1298
2,232,0.118
2,233,0.1069
2,234,0.0968
2,235,0.0877
2,236,0.0797
2,237,0.0729
2,238,0.0672
2,239,0.0663
2,240,0.0791
2,241,0.0893
2,242,0.1155
2,243,0.1436
2,244,0.1693
2,245,0.1912
2,246,0.209
2,247,0.2227
2,248,0.2323
2,249,0.238
2,250,0.2401
2,251,0.2387
2,252,0.2343
2,253,0.2272
2,254,0.2212
2,255,0.2108
2,256,0.1988
2,257,0.1856
2,258,0.1717
2,259,0.1576
2,260,0.1437
2,261,0.1301
2,262,0.1173
2,263,0.1092
2,264,0.0981
2,265,0.0878
2,266,0.0787
2,267,0.0709
2,268,0.0645
2,269,0.0596
2,270,0.056
2,271,0.0544
2,272,0.0529
2,273,0.0637
2,274,0.0909
2,275,0.1356
2,276,0.1918
2,277,0.243
2,278,0.2864
2,279,0.3209
2,280,0.3464
2,281,0.363
2,282,0.3694
2,283,0.3725
2,284,0.3689
2,285,0.3589
2,286,0.3433
2,287,0.3232
2,288,0.2995
2,289,0.2733
2,290,0.2455
2,291,0.2171
2,292,0.189
2,293,0.1708
2,294,0.1364
2,295,0.1202
2,296,0.0985
2,297,0.0793
2,298,0.0627
2,299,0.0532
2,300,0.0544
2,301,0.0654
2,302,0.0838
2,303,0.1023
2,304,0.1198
2,305,0.1352
2,306,0.1483
2,307,0.1588
2,308,0.1666
2,309,0.1716
2,310,0.1735
2,311,0.1742
2,312,0.1727
2,313,0.1691
2,314,0.1638
2,315,0.1569
2,316,0.149
2,317,0.1402
2,318,0.1341
2,319,0.1219
2,320,0.1157
2,321,0.1069
2,322,0.1043
2,323,0.1386
2,324,0.1686
2,325,0.2202
2,326,0.2672
2,327,0.3065
2,328,0.3364
2,329,0.3565
2,330,0.3673
2,331,0.3695
2,332,0.3632
2,333,0.3551
2,334,0.3381
2,335,0.3071
2,336,0.2789
2,337,0.2489
2,338,0.2181
2,339,0.1873
2,340,0.1576
2,341,0.1298
2,342,0.1045
2,343,0.0822
2,344,0.0634
2,345,0.0482
2,346,0.0366
2,347,0.0287
2,348,0.0242
2,349,0.0229
2,350,0.0244
2,351,0.0284
2,352,0.0321
2,353,0.0389
2,354,0.0711
2,355,0.112
2,356,0.1487
2,357,0.2401
2,358,0.3259
2,359,0.3994
2,360,0.4566
2,361,0.4967
2,362,0.5199
2,363,0.5272
2,364,0.5198
2,365,0.4994
2,366,0.4681
2,367,0.428
2,368,0.3817
2,369,0.3315
2,370,0.2795
2,371,0.228
2,372,0.1857
2,373,0.1754
2,374,0.1842
2,375,0.1913
2,376,0.2011
2,377,0.2091
2,378,0.2147
2,379,0.2177
2,380,0.2178
2,381,0.2152
2,382,0.21
2,383,0.2024
2,384,0.1928
2,385,0.1816
2,386,0.1692
2,387,0.1561
2,388,0.1472
2,389,0.1821
2,390,0.2134
2,391,0.2944
2,392,0.3746
2,393,0.4424
2,394,0.4935
2,395,0.5178
2,396,0.5402
2,397,0.5474
2,398,0.5401
2,399,0.5193
2,400,0.487
3,1,0.4453
3,2,0.4453
3,3,0.7598
3,4,0.7598
3,5,0.7598
3,6,0.7598
3,7,0.7598
3,8,0.7598
3,9,0.7596
3,10,0.7594
3,11,0.7589
3,12,0.7585
3,13,0.7581
3,14,0.7575
3,15,0.7568
3,16,0.756
3,17,0.755
3,18,0.7543
3,19,0.7532
3,20,0.7519
3,21,0.7506
3,22,0.7491
3,23,0.7474
3,24,0.7456
3,25,0.7436
3,26,0.7422
3,27,0.74
3,28,0.7375
3,29,0.7348
3,30,0.7318
3,31,0.7286
3,32,0.7251
3,33,0.7226
3,34,0.7185
3,35,0.714
3,36,0.7092
3,37,0.7039
3,38,0.7002
3,39,0.6942
3,40,0.6878
3,41,0.6809
3,42,0.6736
3,43,0.6659
3,44,0.6577
3,45,0.6489
3,46,0.6429
3,47,0.6334
3,48,0.6232
3,49,0.6125
3,50,0.6014
3,51,0.5898
3,52,0.5777
3,53,0.5651
3,54,0.552
3,55,0.5437
3,56,0.5333
3,57,0.5268
3,58,0.5212
3,59,0.5066
3,60,0.4952
3,61,0.489
3,62,0.4812
3,63,0.4739
3,64,0.4668
3,65,0.4595
3,66,0.4516
3,67,0.4431
3,68,0.4372
3,69,0.4281
3,70,0.4183
3,71,0.408
3,72,0.3975
3,73,0.3866
3,74,0.3754
3,75,0.3638
3,76,0.3559
3,77,0.3439
3,78,0.3314
3,79,0.3186
3,80,0.3057
3,81,0.2927
3,82,0.284
3,83,0.2709
3,84,0.2575
3,85,0.244
3,86,0.2307
3,87,0.2175
3,88,0.2046
3,89,0.1919
3,90,0.1834
3,91,0.1711
3,92,0.1586
3,93,0.1464
3,94,0.1344
3,95,0.1268
3,96,0.1157
3,97,0.1045
3,98,0.0939
3,99,0.0837
3,100,0.0743
3,101,0.0654
3,102,0.0571
3,103,0.0492
3,104,0.042
3,105,0.0375
3,106,0.0312
3,107,0.0254
3,108,0.0201
3,109,0.0155
3,110,0.0127
3,111,0.0091
3,112,0.006
3,113,0.0034
3,114,0.0015
3,115,0.0001
3,116,-0.0006
3,117,-0.001
3,118,-0.0011
3,119,-0.0007
3,120,0
3,121,0.0013
3,122,0.0029
3,123,0.0049
3,124,0.0072
3,125,0.0098
3,126,0.014
3,127,0.0231
3,128,0.0365
3,129,0.0541
3,130,0.0751
3,131,0.0902
3,132,0.111
3,133,0.13
3,134,0.147
3,135,0.1617
3,136,0.1743
3,137,0.1849
3,138,0.1939
3,139,0.2011
3,140,0.2068
3,141,0.2098
3,142,0.2131
3,143,0.2153
3,144,0.2163
3,145,0.2163
3,146,0.2151
3,147,0.2131
3,148,0.2112
3,149,0.2078
3,150,0.2038
3,151,0.1991
3,152,0.1941
3,153,0.1886
3,154,0.183
3,155,0.1771
3,156,0.1711
3,157,0.165
3,158,0.1591
3,159,0.1551
3,160,0.1492
3,161,0.1434
3,162,0.1375
3,163,0.1321
3,164,0.1268
3,165,0.122
3,166,0.1174
3,167,0.1145
3,168,0.1105
3,169,0.1066
3,170,0.1031
3,171,0.0999
3,172,0.0998
3,173,0.1092
3,174,0.1157
3,175,0.1404
3,176,0.1624
3,177,0.1752
3,178,0.1955
3,179,0.2034
3,180,0.2121
3,181,0.218
3,182,0.2215
3,183,0.2226
3,184,0.2216
3,185,0.219
3,186,0.2147
3,187,0.2094
3,188,0.2031
3,189,0.1961
3,190,0.1912
3,191,0.1836
3,192,0.1756
3,193,0.1675
3,194,0.1596
3,195,0.152
3,196,0.1447
3,197,0.1379
3,198,0.1316
3,199,0.1277
3,200,0.1222
3,201,0.117
3,202,0.1123
3,203,0.1081
3,204,0.1044
3,205,0.1022
3,206,0.0994
3,207,0.1035
3,208,0.1175
3,209,0.1411
3,210,0.1684
3,211,0.1917
3,212,0.2045
3,213,0.2192
3,214,0.2299
3,215,0.2365
3,216,0.2393
3,217,0.2392
3,218,0.2367
3,219,0.2318
3,220,0.2249
3,221,0.2165
3,222,0.207
3,223,0.1969
3,224,0.1865
3,225,0.1761
3,226,0.166
3,227,0.1564
3,228,0.1474
3,229,0.1392
3,230,0.1318
3,231,0.1273
3,232,0.1212
3,233,0.1157
3,234,0.1109
3,235,0.1067
3,236,0.1033
3,237,0.1006
3,238,0.0984
3,239,0.0999
3,240,0.1139
3,241,0.134
3,242,0.1624
3,243,0.1882
3,244,0.2087
3,245,0.223
3,246,0.2315
3,247,0.2349
3,248,0.2339
3,249,0.2312
3,250,0.2248
3,251,0.216
3,252,0.2055
3,253,0.1939
3,254,0.1819
3,255,0.1699
3,256,0.1584
3,257,0.1476
3,258,0.1377
3,259,0.129
3,260,0.1214
3,261,0.1171
3,262,0.1115
3,263,0.1067
3,264,0.1027
3,265,0.0997
3,266,0.0974
3,267,0.0959
3,268,0.0949
3,269,0.0944
3,270,0.0943
3,271,0.0943
3,272,0.095
3,273,0.1129
3,274,0.1407
3,275,0.1913
3,276,0.2421
3,277,0.2832
3,278,0.3121
3,279,0.3291
3,280,0.3344
3,281,0.335
3,282,0.3283
3,283,0.3156
3,284,0.2982
3,285,0.2776
3,286,0.2553
3,287,0.2325
3,288,0.2103
3,289,0.1895
3,290,0.1706
3,291,0.154
3,292,0.1399
3,293,0.1284
3,294,0.1194
3,295,0.1128
3,296,0.1095
3,297,0.106
3,298,0.1038
3,299,0.1095
3,300,0.125
3,301,0.1497
3,302,0.1725
3,303,0.1908
3,304,0.1998
3,305,0.2089
3,306,0.2134
3,307,0.2136
3,308,0.2099
3,309,0.2029
3,310,0.1933
3,311,0.1822
3,312,0.1742
3,313,0.1581
3,314,0.1459
3,315,0.1383
3,316,0.1279
3,317,0.1185
3,318,0.1103
3,319,0.1036
3,320,0.0985
3,321,0.0948
3,322,-0.1455
3,323,0.1537
3,324,0.2298
3,325,0.2865
3,326,0.3587
3,327,0.4163
3,328,0.4567
3,329,0.479
3,330,0.485
3,331,0.4768
3,332,0.4571
3,333,0.4286
3,334,0.3943
3,335,0.3569
3,336,0.3186
3,337,0.2814
3,338,0.2468
3,339,0.2158
3,340,0.1891
3,341,0.1669
3,342,0.1494
3,343,0.1363
3,344,0.1272
3,345,0.1217
3,346,0.119
3,347,0.1184
3,348,0.1189
3,349,0.1204
3,350,0.1224
3,351,0.1245
3,352,0.1258
3,353,0.1274
3,354,0.1289
3,355,0.1647
3,356,0.1867
3,357,0.2639
3,358,0.3374
3,359,0.3958
3,360,0.4337
3,361,0.4516
3,362,0.4518
3,363,0.4371
3,364,0.4109
3,365,0.3766
3,366,0.351
3,367,0.3114
3,368,0.2706
3,369,0.231
3,370,0.195
3,371,0.1641
3,372,0.1388
3,373,0.1268
3,374,0.1481
3,375,0.1882
3,376,0.2146
3,377,0.2479
3,378,0.2739
3,379,0.2914
3,380,0.2998
3,381,0.2998
3,382,0.2923
3,383,0.2788
3,384,0.2672
3,385,0.2476
3,386,0.2257
3,387,0.203
3,388,0.1811
3,389,0.1609
3,390,0.1564
3,391,0.2023
3,392,0.2761
3,393,0.3577
3,394,0.4035
3,395,0.4539
3,396,0.4855
3,397,0.4984
3,398,0.4969
3,399,0.4824
3,400,0.4557
4,1,0.4199
4,2,0.4199
4,3,0.7598
4,4,0.7598
4,5,0.7598
4,6,0.7598
4,7,0.7598
4,8,0.7599
4,9,0.7597
4,10,0.7594
4,11,0.7591
4,12,0.7586
4,13,0.7581
4,14,0.7575
4,15,0.7568
4,16,0.756
4,17,0.7552
4,18,0.7546
4,19,0.7535
4,20,0.7524
4,21,0.7511
4,22,0.7497
4,23,0.7481
4,24,0.747
4,25,0.7452
4,26,0.7432
4,27,0.741
4,28,0.7387
4,29,0.7361
4,30,0.7342
4,31,0.7312
4,32,0.7278
4,33,0.7242
4,34,0.7202
4,35,0.7174
4,36,0.7127
4,37,0.7076
4,38,0.7022
4,39,0.6964
4,40,0.6902
4,41,0.6835
4,42,0.6764
4,43,0.6689
4,44,0.661
4,45,0.6526
4,46,0.6467
4,47,0.6344
4,48,0.6244
4,49,0.6142
4,50,0.6072
4,51,0.5963
4,52,0.5846
4,53,0.5725
4,54,0.5601
4,55,0.5487
4,56,0.54
4,57,0.5365
4,58,0.5338
4,59,0.5187
4,60,0.5078
4,61,0.4997
4,62,0.4934
4,63,0.4876
4,64,0.4817
4,65,0.4752
4,66,0.4706
4,67,0.4632
4,68,0.4551
4,69,0.4466
4,70,0.4378
4,71,0.4287
4,72,0.4193
4,73,0.4095
4,74,0.3994
4,75,0.389
4,76,0.3783
4,77,0.3711
4,78,0.3601
4,79,0.3445
4,80,0.3366
4,81,0.3251
4,82,0.3134
4,83,0.3015
4,84,0.2896
4,85,0.2779
4,86,0.2662
4,87,0.2585
4,88,0.247
4,89,0.235
4,90,0.2233
4,91,0.2119
4,92,0.201
4,93,0.1904
4,94,0.1835
4,95,0.1736
4,96,0.1633
4,97,0.1535
4,98,0.1442
4,99,0.1354
4,100,0.127
4,101,0.1192
4,102,0.1141
4,103,0.1069
4,104,0.0999
4,105,0.0911
4,106,0.0852
4,107,0.0817
4,108,0.0769
4,109,0.0722
4,110,0.0679
4,111,0.064
4,112,0.0607
4,113,0.0577
4,114,0.0552
4,115,0.0531
4,116,0.0514
4,117,0.0504
4,118,0.0493
4,119,0.0483
4,120,0.0476
4,121,0.0474
4,122,0.0472
4,123,0.0472
4,124,0.0475
4,125,0.0485
4,126,0.0536
4,127,0.0634
4,128,0.0772
4,129,0.0883
4,130,0.1069
4,131,0.1251
4,132,0.1409
4,133,0.1536
4,134,0.1638
4,135,0.1719
4,136,0.1784
4,137,0.1832
4,138,0.1867
4,139,0.189
4,140,0.1902
4,141,0.1904
4,142,0.1898
4,143,0.1889
4,144,0.1872
4,145,0.1848
4,146,0.182
4,147,0.1788
4,148,0.1752
4,149,0.1715
4,150,0.1689
4,151,0.165
4,152,0.1608
4,153,0.1565
4,154,0.1523
4,155,0.1482
4,156,0.1456
4,157,0.1418
4,158,0.1379
4,159,0.1342
4,160,0.1307
4,161,0.1273
4,162,0.1243
4,163,0.1223
4,164,0.1196
4,165,0.1169
4,166,0.1144
4,167,0.1121
4,168,0.11
4,169,0.1081
4,170,0.1064
4,171,0.1059
4,172,0.1128
4,173,0.125
4,174,0.1435
4,175,0.1657
4,176,0.1842
4,177,0.1978
4,178,0.2041
4,179,0.2106
4,180,0.2142
4,181,0.2154
4,182,0.2144
4,183,0.2115
4,184,0.2073
4,185,0.2022
4,186,0.1963
4,187,0.1922
4,188,0.1859
4,189,0.1793
4,190,0.1727
4,191,0.1663
4,192,0.1602
4,193,0.1546
4,194,0.1494
4,195,0.1461
4,196,0.1417
4,197,0.1373
4,198,0.1333
4,199,0.1296
4,200,0.1263
4,201,0.1234
4,202,0.1208
4,203,0.1186
4,204,0.1165
4,205,0.1153
4,206,0.1169
4,207,0.1285
4,208,0.1494
4,209,0.1761
4,210,0.199
4,211,0.2153
4,212,0.2224
4,213,0.2285
4,214,0.2306
4,215,0.2291
4,216,0.2248
4,217,0.2183
4,218,0.2103
4,219,0.2016
4,220,0.1926
4,221,0.1837
4,222,0.1752
4,223,0.1699
4,224,0.1624
4,225,0.1553
4,226,0.1488
4,227,0.1431
4,228,0.1382
4,229,0.134
4,230,0.1305
4,231,0.1276
4,232,0.1252
4,233,0.1231
4,234,0.1218
4,235,0.1196
4,236,0.1186
4,237,0.1172
4,238,0.1167
4,239,0.1281
4,240,0.1441
4,241,0.1699
4,242,0.1949
4,243,0.2134
4,244,0.2242
4,245,0.2282
4,246,0.2265
4,247,0.223
4,248,0.2155
4,249,0.206
4,250,0.1952
4,251,0.1842
4,252,0.1736
4,253,0.1637
4,254,0.1549
4,255,0.1473
4,256,0.143
4,257,0.1374
4,258,0.1325
4,259,0.1284
4,260,0.1251
4,261,0.1226
4,262,0.1213
4,263,0.1193
4,264,0.1184
4,265,0.1173
4,266,0.1163
4,267,0.1154
4,268,0.1144
4,269,0.1134
4,270,0.1124
4,271,0.1113
4,272,0.1184
4,273,0.1445
4,274,0.1854
4,275,0.2195
4,276,0.2612
4,277,0.2915
4,278,0.3086
4,279,0.313
4,280,0.31
4,281,0.2995
4,282,0.2837
4,283,0.2647
4,284,0.2444
4,285,0.2245
4,286,0.2061
4,287,0.1899
4,288,0.1806
4,289,0.1654
4,290,0.1563
4,291,0.1498
4,292,0.1468
4,293,0.1436
4,294,0.1414
4,295,0.1399
4,296,0.1388
4,297,0.138
4,298,0.1381
4,299,0.1472
4,300,0.1653
4,301,0.1876
4,302,0.2052
4,303,0.2159
4,304,0.2195
4,305,0.2171
4,306,0.21
4,307,0.2034
4,308,0.192
4,309,0.1795
4,310,0.1668
4,311,0.155
4,312,0.1446
4,313,0.1361
4,314,0.1295
4,315,0.1247
4,316,0.1215
4,317,0.1201
4,318,0.1188
4,319,0.1181
4,320,0.1179
4,321,0.1204
4,322,0.1636
4,323,0.1946
4,324,0.2464
4,325,0.2883
4,326,0.3149
4,327,0.3248
4,328,0.3203
4,329,0.3048
4,330,0.2903
4,331,0.2659
4,332,0.2393
4,333,0.213
4,334,0.1895
4,335,0.1698
4,336,0.1545
4,337,0.1436
4,338,0.1368
4,339,0.1333
4,340,0.1325
4,341,0.133
4,342,0.1345
4,343,0.1365
4,344,0.1383
4,345,0.1397
4,346,0.1403
4,347,0.14
4,348,0.1389
4,349,0.137
4,350,0.1344
4,351,0.1313
4,352,0.128
4,353,0.1257
4,354,0.1436
4,355,0.1702
4,356,0.2389
4,357,0.3123
4,358,0.3679
4,359,0.3982
4,360,0.4049
4,361,0.3991
4,362,0.3791
4,363,0.3494
4,364,0.3143
4,365,0.2782
4,366,0.2445
4,367,0.2153
4,368,0.1919
4,369,0.1747
4,370,0.1632
4,371,0.1569
4,372,0.1626
4,373,0.1996
4,374,0.2508
4,375,0.2944
4,376,0.3232
4,377,0.3354
4,378,0.3352
4,379,0.3257
4,380,0.3077
4,381,0.2841
4,382,0.258
4,383,0.232
4,384,0.2081
4,385,0.1941
4,386,0.1765
4,387,0.1621
4,388,0.1511
4,389,0.1763
4,390,0.2251
4,391,0.3126
4,392,0.3951
4,393,0.4531
4,394,0.4805
4,395,0.4795
4,396,0.4659
4,397,0.4201
4,398,0.3901
4,399,0.3451
4,400,0.3005
5,1,0.2596
5,2,0.2596
5,3,0.7598
5,4,0.7598
5,5,0.7598
5,6,0.7598
5,7,0.7598
5,8,0.7599
5,9,0.7597
5,10,0.7594
5,11,0.759
5,12,0.7586
5,13,0.7582
5,14,0.7578
5,15,0.7571
5,16,0.7564
5,17,0.7555
5,18,0.7545
5,19,0.7538
5,20,0.7525
5,21,0.7511
5,22,0.7496
5,23,0.748
5,24,0.7461
5,25,0.744
5,26,0.7417
5,27,0.7392
5,28,0.7363
5,29,0.7343
5,30,0.731
5,31,0.7274
5,32,0.7234
5,33,0.7191
5,34,0.7144
5,35,0.7111
5,36,0.7059
5,37,0.7001
5,38,0.694
5,39,0.6875
5,40,0.683
5,41,0.6681
5,42,0.6598
5,43,0.6519
5,44,0.6464
5,45,0.6375
5,46,0.6277
5,47,0.6176
5,48,0.6072
5,49,0.5965
5,50,0.5853
5,51,0.5738
5,52,0.5622
5,53,0.5555
5,54,0.5481
5,55,0.5458
5,56,0.5351
5,57,0.5238
5,58,0.5153
5,59,0.5091
5,60,0.504
5,61,0.5007
5,62,0.4955
5,63,0.4895
5,64,0.4828
5,65,0.4758
5,66,0.4709
5,67,0.4634
5,68,0.4523
5,69,0.4464
5,70,0.4379
5,71,0.4289
5,72,0.4195
5,73,0.4099
5,74,0.4001
5,75,0.3901
5,76,0.3799
5,77,0.3696
5,78,0.3592
5,79,0.3522
5,80,0.3417
5,81,0.3307
5,82,0.3197
5,83,0.3089
5,84,0.2984
5,85,0.2915
5,86,0.2811
5,87,0.2704
5,88,0.2598
5,89,0.2497
5,90,0.2398
5,91,0.2303
5,92,0.2241
5,93,0.2149
5,94,0.2056
5,95,0.1966
5,96,0.1881
5,97,0.18
5,98,0.1723
5,99,0.165
5,100,0.1603
5,101,0.1535
5,102,0.1467
5,103,0.1403
5,104,0.1343
5,105,0.1288
5,106,0.1238
5,107,0.1191
5,108,0.1147
5,109,0.112
5,110,0.1082
5,111,0.1045
5,112,0.101
5,113,0.0979
5,114,0.0952
5,115,0.0927
5,116,0.0906
5,117,0.0887
5,118,0.0876
5,119,0.0861
5,120,0.0847
5,121,0.0834
5,122,0.0824
5,123,0.0829
5,124,0.0882
5,125,0.0942
5,126,0.1058
5,127,0.121
5,128,0.1379
5,129,0.1524
5,130,0.1634
5,131,0.1715
5,132,0.1771
5,133,0.181
5,134,0.1836
5,135,0.1848
5,136,0.1858
5,137,0.186
5,138,0.1855
5,139,0.1843
5,140,0.1832
5,141,0.1812
5,142,0.1787
5,143,0.1759
5,144,0.1728
5,145,0.1696
5,146,0.1664
5,147,0.1631
5,148,0.1598
5,149,0.1565
5,150,0.1533
5,151,0.1502
5,152,0.1482
5,153,0.1452
5,154,0.1422
5,155,0.1392
5,156,0.1364
5,157,0.1338
5,158,0.1313
5,159,0.1291
5,160,0.1269
5,161,0.1249
5,162,0.123
5,163,0.1212
5,164,0.1201
5,165,0.1185
5,166,0.1168
5,167,0.1152
5,168,0.1143
5,169,0.1139
5,170,0.1208
5,171,0.133
5,172,0.1511
5,173,0.1723
5,174,0.1888
5,175,0.1993
5,176,0.2046
5,177,0.2058
5,178,0.2042
5,179,0.2022
5,180,0.1984
5,181,0.1937
5,182,0.1885
5,183,0.1832
5,184,0.1778
5,185,0.1727
5,186,0.1678
5,187,0.1646
5,188,0.1602
5,189,0.1559
5,190,0.1518
5,191,0.148
5,192,0.1447
5,193,0.1416
5,194,0.1389
5,195,0.1365
5,196,0.1342
5,197,0.1321
5,198,0.1308
5,199,0.1289
5,200,0.127
5,201,0.1252
5,202,0.1234
5,203,0.1218
5,204,0.127
5,205,0.1359
5,206,0.1562
5,207,0.182
5,208,0.203
5,209,0.216
5,210,0.2213
5,211,0.2206
5,212,0.2157
5,213,0.2084
5,214,0.2
5,215,0.1914
5,216,0.1831
5,217,0.178
5,218,0.1709
5,219,0.1642
5,220,0.1581
5,221,0.1529
5,222,0.1486
5,223,0.1451
5,224,0.1423
5,225,0.1399
5,226,0.1385
5,227,0.1366
5,228,0.1347
5,229,0.1328
5,230,0.1311
5,231,0.1294
5,232,0.1277
5,233,0.1261
5,234,0.1246
5,235,0.1235
5,236,0.1229
5,237,0.1342
5,238,0.1501
5,239,0.1752
5,240,0.1983
5,241,0.2135
5,242,0.2199
5,243,0.2199
5,244,0.2159
5,245,0.2084
5,246,0.199
5,247,0.1889
5,248,0.1791
5,249,0.1702
5,250,0.1626
5,251,0.1562
5,252,0.1511
5,253,0.1472
5,254,0.1442
5,255,0.1427
5,256,0.1408
5,257,0.139
5,258,0.1373
5,259,0.1357
5,260,0.1341
5,261,0.1326
5,262,0.131
5,263,0.1294
5,264,0.1278
5,265,0.1262
5,266,0.1246
5,267,0.1229
5,268,0.1213
5,269,0.1203
5,270,0.1353
5,271,0.1623
5,272,0.21
5,273,0.2547
5,274,0.284
5,275,0.2953
5,276,0.2942
5,277,0.2843
5,278,0.2615
5,279,0.2405
5,280,0.2209
5,281,0.2043
5,282,0.191
5,283,0.181
5,284,0.1739
5,285,0.1692
5,286,0.1664
5,287,0.1648
5,288,0.1641
5,289,0.1631
5,290,0.1621
5,291,0.1608
5,292,0.1591
5,293,0.1577
5,294,0.1554
5,295,0.1533
5,296,0.1601
5,297,0.1757
5,298,0.196
5,299,0.2111
5,300,0.2184
5,301,0.218
5,302,0.2113
5,303,0.2007
5,304,0.1882
5,305,0.1756
5,306,0.1678
5,307,0.1578
5,308,0.1491
5,309,0.1422
5,310,0.1373
5,311,0.1342
5,312,0.1327
5,313,0.1323
5,314,0.1321
5,315,0.1321
5,316,0.132
5,317,0.1316
5,318,0.1324
5,319,0.1753
5,320,0.2014
5,321,0.2346
5,322,0.277
5,323,0.3062
5,324,0.3178
5,325,0.3126
5,326,0.2946
5,327,0.2694
5,328,0.2421
5,329,0.2168
5,330,0.196
5,331,0.1805
5,332,0.1732
5,333,0.1658
5,334,0.1612
5,335,0.1589
5,336,0.1585
5,337,0.1592
5,338,0.1602
5,339,0.1608
5,340,0.1611
5,341,0.1602
5,342,0.1592
5,343,0.157
5,344,0.1541
5,345,0.1506
5,346,0.147
5,347,0.1433
5,348,0.1398
5,349,0.1367
5,350,0.1339
5,351,0.1358
5,352,0.2049
5,353,0.2132
5,354,0.2811
5,355,0.3357
5,356,0.3689
5,357,0.3749
5,358,0.3584
5,359,0.3267
5,360,0.2883
5,361,0.2506
5,362,0.2284
5,363,0.2019
5,364,0.1811
5,365,0.1667
5,366,0.159
5,367,0.1569
5,368,0.159
5,369,0.1638
5,370,0.1887
5,371,0.2385
5,372,0.2857
5,373,0.3165
5,374,0.3266
5,375,0.323
5,376,0.3072
5,377,0.2833
5,378,0.256
5,379,0.2296
5,380,0.207
5,381,0.1898
5,382,0.1783
5,383,0.172
5,384,0.1698
5,385,0.1706
5,386,0.172
5,387,0.2364
5,388,0.2905
5,389,0.3767
5,390,0.4407
5,391,0.4719
5,392,0.4684
5,393,0.4375
5,394,0.4075
5,395,0.343
5,396,0.2943
5,397,0.267
5,398,0.2362
5,399,0.2077
5,400,0.1957
6,1,0.1932
6,2,0.1932
6,3,0.7598
6,4,0.7598
6,5,0.7598
6,6,0.7598
6,7,0.7598
6,8,0.7598
6,9,0.7596
6,10,0.7593
6,11,0.7589
6,12,0.7585
6,13,0.7581
6,14,0.7576
6,15,0.7569
6,16,0.7562
6,17,0.7553
6,18,0.7543
6,19,0.7532
6,20,0.7524
6,21,0.751
6,22,0.7495
6,23,0.7478
6,24,0.7459
6,25,0.7438
6,26,0.7415
6,27,0.7399
6,28,0.7372
6,29,0.7342
6,30,0.7309
6,31,0.7274
6,32,0.7235
6,33,0.7208
6,34,0.7163
6,35,0.7113
6,36,0.7061
6,37,0.7005
6,38,0.6945
6,39,0.6882
6,40,0.6815
6,41,0.6745
6,42,0.6695
6,43,0.6618
6,44,0.6535
6,45,0.6448
6,46,0.6358
6,47,0.6265
6,48,0.6169
6,49,0.6102
6,50,0.6
6,51,0.589
6,52,0.5776
6,53,0.5664
6,54,0.5597
6,55,0.5523
6,56,0.5494
6,57,0.5416
6,58,0.5304
6,59,0.5219
6,60,0.516
6,61,0.5115
6,62,0.5072
6,63,0.5042
6,64,0.499
6,65,0.493
6,66,0.4865
6,67,0.4798
6,68,0.4728
6,69,0.4655
6,70,0.4579
6,71,0.45
6,72,0.4418
6,73,0.4333
6,74,0.4276
6,75,0.4188
6,76,0.4094
6,77,0.3998
6,78,0.3902
6,79,0.3808
6,80,0.3713
6,81,0.3649
6,82,0.3553
6,83,0.3452
6,84,0.3352
6,85,0.3254
6,86,0.3159
6,87,0.3066
6,88,0.3005
6,89,0.2914
6,90,0.2819
6,91,0.2725
6,92,0.2635
6,93,0.2549
6,94,0.2466
6,95,0.2386
6,96,0.2308
6,97,0.2233
6,98,0.2184
6,99,0.2091
6,100,0.202
6,101,0.1956
6,102,0.1916
6,103,0.1858
6,104,0.1798
6,105,0.174
6,106,0.1685
6,107,0.1635
6,108,0.1589
6,109,0.1545
6,110,0.1504
6,111,0.1465
6,112,0.1429
6,113,0.1395
6,114,0.1373
6,115,0.1343
6,116,0.1312
6,117,0.1283
6,118,0.1257
6,119,0.124
6,120,0.1218
6,121,0.1195
6,122,0.1174
6,123,0.1155
6,124,0.1152
6,125,0.1186
6,126,0.1264
6,127,0.1378
6,128,0.1518
6,129,0.1664
6,130,0.1777
6,131,0.1852
6,132,0.1897
6,133,0.1922
6,134,0.1934
6,135,0.1937
6,136,0.1937
6,137,0.193
6,138,0.1918
6,139,0.19
6,140,0.1877
6,141,0.1851
6,142,0.1823
6,143,0.1804
6,144,0.1775
6,145,0.1742
6,146,0.1709
6,147,0.1676
6,148,0.1645
6,149,0.1616
6,150,0.1587
6,151,0.1559
6,152,0.1541
6,153,0.1515
6,154,0.1488
6,155,0.1461
6,156,0.1436
6,157,0.1413
6,158,0.1398
6,159,0.1377
6,160,0.1356
6,161,0.1335
6,162,0.1315
6,163,0.1303
6,164,0.1286
6,165,0.1269
6,166,0.1252
6,167,0.1236
6,168,0.1221
6,169,0.1208
6,170,0.1213
6,171,0.1258
6,172,0.1378
6,173,0.1541
6,174,0.1747
6,175,0.1904
6,176,0.1995
6,177,0.2025
6,178,0.2012
6,179,0.1976
6,180,0.1945
6,181,0.1882
6,182,0.1849
6,183,0.1804
6,184,0.1759
6,185,0.1715
6,186,0.1673
6,187,0.1635
6,188,0.1601
6,189,0.157
6,190,0.1542
6,191,0.1516
6,192,0.1492
6,193,0.1469
6,194,0.1448
6,195,0.1428
6,196,0.1409
6,197,0.1397
6,198,0.1379
6,199,0.136
6,200,0.1341
6,201,0.1322
6,202,0.1305
6,203,0.1289
6,204,0.1278
6,205,0.1349
6,206,0.1513
6,207,0.1757
6,208,0.1988
6,209,0.2133
6,210,0.2183
6,211,0.216
6,212,0.2091
6,213,0.2033
6,214,0.1947
6,215,0.1862
6,216,0.1785
6,217,0.172
6,218,0.1666
6,219,0.1623
6,220,0.1588
6,221,0.1569
6,222,0.1536
6,223,0.1513
6,224,0.1493
6,225,0.1476
6,226,0.1464
6,227,0.1447
6,228,0.1429
6,229,0.141
6,230,0.1391
6,231,0.1372
6,232,0.1354
6,233,0.1337
6,234,0.1326
6,235,0.131
6,236,0.1289
6,237,0.1323
6,238,0.1462
6,239,0.1674
6,240,0.1924
6,241,0.21
6,242,0.2173
6,243,0.2153
6,244,0.203
6,245,0.1896
6,246,0.1769
6,247,0.1698
6,248,0.1614
6,249,0.1524
6,250,0.1489
6,251,0.1454
6,252,0.1432
6,253,0.1417
6,254,0.1407
6,255,0.14
6,256,0.1393
6,257,0.1384
6,258,0.1373
6,259,0.136
6,260,0.1346
6,261,0.133
6,262,0.1313
6,263,0.1296
6,264,0.1274
6,265,0.1259
6,266,0.125
6,267,0.1237
6,268,0.1224
6,269,0.1222
6,270,0.1405
6,271,0.1682
6,272,0.2159
6,273,0.2564
6,274,0.2785
6,275,0.2803
6,276,0.2666
6,277,0.2443
6,278,0.2202
6,279,0.1993
6,280,0.1837
6,281,0.1737
6,282,0.1684
6,283,0.1664
6,284,0.1665
6,285,0.1674
6,286,0.1682
6,287,0.1684
6,288,0.1677
6,289,0.1667
6,290,0.1647
6,291,0.1621
6,292,0.1591
6,293,0.1559
6,294,0.1527
6,295,0.1506
6,296,0.1581
6,297,0.1751
6,298,0.1892
6,299,0.2124
6,300,0.2128
6,301,0.2026
6,302,0.1859
6,303,0.1741
6,304,0.1589
6,305,0.1464
6,306,0.1374
6,307,0.1324
6,308,0.1307
6,309,0.1314
6,310,0.1333
6,311,0.1354
6,312,0.1371
6,313,0.1378
6,314,0.1376
6,315,0.1363
6,316,0.1344
6,317,0.1335
6,318,0.1751
6,319,0.1997
6,320,0.2447
6,321,0.2769
6,322,0.2898
6,323,0.2829
6,324,0.27
6,325,0.2461
6,326,0.2203
6,327,0.1971
6,328,0.18
6,329,0.1696
6,330,0.1651
6,331,0.1649
6,332,0.1673
6,333,0.1705
6,334,0.1723
6,335,0.174
6,336,0.1742
6,337,0.173
6,338,0.1705
6,339,0.1669
6,340,0.1628
6,341,0.1586
6,342,0.1545
6,343,0.1521
6,344,0.1481
6,345,0.1455
6,346,0.144
6,347,0.1422
6,348,0.1405
6,349,0.1389
6,350,0.1459
6,351,0.1955
6,352,0.2359
6,353,0.3035
6,354,0.3497
6,355,0.366
6,356,0.3523
6,357,0.3177
6,358,0.2892
6,359,0.2494
6,360,0.2148
6,361,0.1896
6,362,0.176
6,363,0.1723
6,364,0.174
6,365,0.1812
6,366,0.1879
6,367,0.1928
6,368,0.1964
6,369,0.2088
6,370,0.2478
6,371,0.2893
6,372,0.3155
6,373,0.3204
6,374,0.3062
6,375,0.2793
6,376,0.248
6,377,0.2195
6,378,0.1982
6,379,0.1888
6,380,0.1807
6,381,0.1772
6,382,0.1769
6,383,0.1788
6,384,0.1815
6,385,0.1838
6,386,0.2236
6,387,0.2727
6,388,0.3548
6,389,0.4202
6,390,0.4504
6,391,0.4415
6,392,0.4025
6,393,0.3484
6,394,0.2939
6,395,0.2501
6,396,0.2298
6,397,0.2118
6,398,0.2037
6,399,0.203
6,400,0.2076
