-0.4,1,0.7598
-0.4,2,0.7598
-0.4,3,0.7598
-0.4,4,0.7598
-0.4,5,0.7598
-0.4,6,0.7598
-0.4,7,0.76
-0.4,8,0.7604
-0.4,9,0.7609
-0.4,10,0.7616
-0.4,11,0.7621
-0.4,12,0.7629
-0.4,13,0.7639
-0.4,14,0.765
-0.4,15,0.7658
-0.4,16,0.7672
-0.4,17,0.7688
-0.4,18,0.7699
-0.4,19,0.7718
-0.4,20,0.7739
-0.4,21,0.7763
-0.4,22,0.7789
-0.4,23,0.7808
-0.4,24,0.784
-0.4,25,0.7874
-0.4,26,0.7914
-0.4,27,0.7957
-0.4,28,0.8006
-0.4,29,0.8042
-0.4,30,0.81
-0.4,31,0.8165
-0.4,32,0.8238
-0.4,33,0.832
-0.4,34,0.838
-0.4,35,0.8479
-0.4,36,0.8589
-0.4,37,0.8669
-0.4,38,0.8799
-0.4,39,0.8943
-0.4,40,0.91
-0.4,41,0.9214
-0.4,42,0.9399
-0.4,43,0.9601
-0.4,44,0.9823
-0.4,45,0.9982
-0.4,46,1.0241
-0.4,47,1.0522
-0.4,48,1.0724
-0.4,49,1.105
-0.4,50,1.1404
-0.4,51,1.1789
-0.4,52,1.2208
-0.4,53,1.2662
-0.4,54,1.2987
-0.4,55,1.351
-0.4,56,1.4095
-0.4,57,1.6397
-0.4,58,1.5951
-0.4,59,1.6067
-0.4,60,1.6799
-0.4,61,1.7696
-0.4,62,1.8668
-0.4,63,1.936
-0.4,64,2.0469
-0.4,65,2.1661
-0.4,66,2.2938
-0.4,67,2.4303
-0.4,68,2.5262
-0.4,69,2.6779
-0.4,70,2.8386
-0.4,71,3.0068
-0.4,72,3.1761
-0.4,73,3.289
-0.4,74,3.4582
-0.4,75,3.628
-0.4,76,3.7981
-0.4,77,3.9726
-0.4,78,4.09
-0.4,79,4.2687
-0.4,80,4.4534
-0.4,81,4.5765
-0.4,82,4.7385
-0.4,83,4.886
-0.4,84,5.0357
-0.4,85,5.136
-0.4,86,5.2868
-0.4,87,5.4361
-0.4,88,5.5884
-0.4,89,5.6946
-0.4,90,5.8574
-0.4,91,5.9804
-0.4,92,6.0601
-0.4,93,6.1705
-0.4,94,6.2667
-0.4,95,6.3269
-0.4,96,6.4185
-0.4,97,6.4823
-0.4,98,6.5823
-0.4,99,6.6879
-0.4,100,6.7655
-0.4,101,6.8897
-0.4,102,6.9722
-0.4,103,7.0878
-0.4,104,7.2005
-0.4,105,7.317
-0.4,106,7.3946
-0.4,107,7.5118
-0.4,108,7.6349
-0.4,109,7.7477
-0.4,110,7.7873
-0.4,111,7.832
-0.4,112,7.8608
-0.4,113,7.8728
-0.4,114,7.8775
-0.4,115,7.8775
-0.4,116,7.8774
-0.4,117,7.8773
-0.4,118,7.8772
-0.4,119,7.8772
-0.4,120,7.8772
-0.4,121,7.8772
-0.4,122,7.8773
-0.4,123,7.8773
-0.4,124,7.8773
-0.4,125,7.8773
-0.4,126,7.8773
-0.4,127,7.8773
-0.4,128,7.8772
-0.4,129,7.8772
-0.4,130,7.8773
-0.4,131,7.8773
-0.4,132,7.8773
-0.4,133,7.8773
-0.4,134,7.8773
-0.4,135,7.8773
-0.4,136,7.8773
-0.4,137,7.8772
-0.4,138,7.8773
-0.4,139,7.8773
-0.4,140,7.8773
-0.4,141,7.8773
-0.4,142,7.8773
-0.4,143,7.8773
-0.4,144,7.8773
-0.4,145,7.8772
-0.4,146,7.8772
-0.4,147,7.8773
-0.4,148,7.8773
-0.4,149,7.8773
-0.4,150,7.8773
-0.4,151,7.8773
-0.4,152,7.8773
-0.4,153,7.8773
-0.4,154,7.8773
-0.4,155,7.8773
-0.4,156,7.8773
-0.4,157,7.8773
-0.4,158,7.8773
-0.4,159,7.8773
-0.4,160,7.8773
-0.4,161,7.8773
-0.4,162,7.8773
-0.4,163,7.8773
-0.4,164,7.8773
-0.4,165,7.8773
-0.4,166,7.8773
-0.4,167,7.8773
-0.4,168,7.8773
-0.4,169,7.8773
-0.4,170,7.8773
-0.4,171,7.8773
-0.4,172,7.8773
-0.4,173,7.8773
-0.4,174,7.8773
-0.4,175,7.8773
-0.4,176,7.8773
-0.4,177,7.8773
-0.4,178,7.8773
-0.4,179,7.8773
-0.4,180,7.8773
-0.4,181,7.8773
-0.4,182,7.8773
-0.4,183,7.8773
-0.4,184,7.8773
-0.4,185,7.8773
-0.4,186,7.8773
-0.4,187,7.8773
-0.4,188,7.8773
-0.4,189,7.8773
-0.4,190,7.8773
-0.4,191,7.8773
-0.4,192,7.8773
-0.4,193,7.8773
-0.4,194,7.8773
-0.4,195,7.8774
-0.4,196,7.8773
-0.4,197,7.8773
-0.4,198,7.8774
-0.4,199,7.8773
-0.4,200,7.8773
-0.4,201,7.8773
-0.4,202,7.8773
-0.4,203,7.8773
-0.4,204,7.8773
-0.4,205,7.8774
-0.4,206,7.8773
-0.4,207,7.8773
-0.4,208,7.8773
-0.4,209,7.8773
-0.4,210,7.8773
-0.4,211,7.8773
-0.4,212,7.8773
-0.4,213,7.8773
-0.4,214,7.8773
-0.4,215,7.8773
-0.4,216,7.8773
-0.4,217,7.8773
-0.4,218,7.8773
-0.4,219,7.8773
-0.4,220,7.8773
-0.4,221,7.8774
-0.4,222,7.8774
-0.4,223,7.8773
-0.4,224,7.8773
-0.4,225,7.8773
-0.4,226,7.8773
-0.4,227,7.8773
-0.4,228,7.8773
-0.4,229,7.8773
-0.4,230,7.8773
-0.4,231,7.8773
-0.4,232,7.8773
-0.4,233,7.8773
-0.4,234,7.8773
-0.4,235,7.8774
-0.4,236,7.8773
-0.4,237,7.8773
-0.4,238,7.8773
-0.4,239,7.8773
-0.4,240,7.8773
-0.4,241,7.8774
-0.4,242,7.8773
-0.4,243,7.8773
-0.4,244,7.8773
-0.4,245,7.8773
-0.4,246,7.8773
-0.4,247,7.8774
-0.4,248,7.8773
-0.4,249,7.8773
-0.4,250,7.8773
-0.4,251,7.8773
-0.4,252,7.8774
-0.4,253,7.8774
-0.4,254,7.8773
-0.4,255,7.8773
-0.4,256,7.8773
-0.4,257,7.8773
-0.4,258,7.8773
-0.4,259,7.8773
-0.4,260,7.8773
-0.4,261,7.8773
-0.4,262,7.8773
-0.4,263,7.8773
-0.4,264,7.8773
-0.4,265,7.8773
-0.4,266,7.8773
-0.4,267,7.8773
-0.4,268,7.8773
-0.4,269,7.8773
-0.4,270,7.8773
-0.4,271,7.8773
-0.4,272,7.8773
-0.4,273,7.8773
-0.4,274,7.8773
-0.4,275,7.8773
-0.4,276,7.8773
-0.4,277,7.8773
-0.4,278,7.8773
-0.4,279,7.8773
-0.4,280,7.8773
-0.4,281,7.8773
-0.4,282,7.8773
-0.4,283,7.8773
-0.4,284,7.8773
-0.4,285,7.8773
-0.4,286,7.8773
-0.4,287,7.8773
-0.4,288,7.8773
-0.4,289,7.8773
-0.4,290,7.8773
-0.4,291,7.8773
-0.4,292,7.8773
-0.4,293,7.8773
-0.4,294,7.8773
-0.4,295,7.8773
-0.4,296,7.8774
-0.4,297,7.8774
-0.4,298,7.8773
-0.4,299,7.8773
-0.4,300,7.8773
-0.4,301,7.8773
-0.4,302,7.8773
-0.4,303,7.8773
-0.4,304,7.8773
-0.4,305,7.8773
-0.4,306,7.8773
-0.4,307,7.8773
-0.4,308,7.8773
-0.4,309,7.8773
-0.4,310,7.8773
-0.4,311,7.8773
-0.4,312,7.8773
-0.4,313,7.8773
-0.4,314,7.8773
-0.4,315,7.8773
-0.4,316,7.8773
-0.4,317,7.8773
-0.4,318,7.8773
-0.4,319,7.8773
-0.4,320,7.8773
-0.4,321,7.8773
-0.4,322,7.8773
-0.4,323,7.8773
-0.4,324,7.8773
-0.4,325,7.8773
-0.4,326,7.8773
-0.4,327,7.8773
-0.4,328,7.8773
-0.4,329,7.8774
-0.4,330,7.8773
-0.4,331,7.8773
-0.4,332,7.8773
-0.4,333,7.8773
-0.4,334,7.8773
-0.4,335,7.8773
-0.4,336,7.8773
-0.4,337,7.8773
-0.4,338,7.8773
-0.4,339,7.8773
-0.4,340,7.8773
-0.4,341,7.8773
-0.4,342,7.8773
-0.4,343,7.8773
-0.4,344,7.8773
-0.4,345,7.8773
-0.4,346,7.8773
-0.4,347,7.8773
-0.4,348,7.8773
-0.4,349,7.8773
-0.4,350,7.8773
-0.4,351,7.8773
-0.4,352,7.8773
-0.4,353,7.8773
-0.4,354,7.8773
-0.4,355,7.8773
-0.4,356,7.8773
-0.4,357,7.8773
-0.4,358,7.8773
-0.4,359,7.8773
-0.4,360,7.8773
-0.4,361,7.8773
-0.4,362,7.8773
-0.4,363,7.8772
-0.4,364,7.8772
-0.4,365,7.8773
-0.4,366,7.8773
-0.4,367,7.8773
-0.4,368,7.8773
-0.4,369,7.8773
-0.4,370,7.8773
-0.4,371,7.8773
-0.4,372,7.8774
-0.4,373,7.8773
-0.4,374,7.8773
-0.4,375,7.8773
-0.4,376,7.8773
-0.4,377,7.8773
-0.4,378,7.8773
-0.4,379,7.8773
-0.4,380,7.8773
-0.4,381,7.8773
-0.4,382,7.8773
-0.4,383,7.8773
-0.4,384,7.8773
-0.4,385,7.8773
-0.4,386,7.8773
-0.4,387,7.8773
-0.4,388,7.8773
-0.4,389,7.8773
-0.4,390,7.8773
-0.4,391,7.8773
-0.4,392,7.8773
-0.4,393,7.8773
-0.4,394,7.8773
-0.4,395,7.8773
-0.4,396,7.8773
-0.4,397,7.8773
-0.4,398,7.8773
-0.4,399,7.8773
-0.4,400,7.8773
-0.3,1,7.8773
-0.3,2,7.8773
-0.3,3,0.7598
-0.3,4,0.7598
-0.3,5,0.7598
-0.3,6,0.7598
-0.3,7,0.7598
-0.3,8,0.7599
-0.3,9,0.7601
-0.3,10,0.7604
-0.3,11,0.7607
-0.3,12,0.7613
-0.3,13,0.7619
-0.3,14,0.7623
-0.3,15,0.7631
-0.3,16,0.764
-0.3,17,0.7649
-0.3,18,0.766
-0.3,19,0.7673
-0.3,20,0.7686
-0.3,21,0.7696
-0.3,22,0.7719
-0.3,23,0.7732
-0.3,24,0.7753
-0.3,25,0.7776
-0.3,26,0.7802
-0.3,27,0.7832
-0.3,28,0.7866
-0.3,29,0.7903
-0.3,30,0.7944
-0.3,31,0.799
-0.3,32,0.8042
-0.3,33,0.81
-0.3,34,0.8165
-0.3,35,0.8212
-0.3,36,0.829
-0.3,37,0.8376
-0.3,38,0.8471
-0.3,39,0.8576
-0.3,40,0.8691
-0.3,41,0.8773
-0.3,42,0.8907
-0.3,43,0.9054
-0.3,44,0.9214
-0.3,45,0.9389
-0.3,46,0.958
-0.3,47,0.9789
-0.3,48,1.0016
-0.3,49,1.0262
-0.3,50,1.053
-0.3,51,1.0821
-0.3,52,1.1137
-0.3,53,1.1362
-0.3,54,1.1725
-0.3,55,1.2136
-0.3,56,1.2607
-0.3,57,1.3469
-0.3,58,1.3658
-0.3,59,1.4255
-0.3,60,1.4911
-0.3,61,1.5626
-0.3,62,1.6401
-0.3,63,1.7238
-0.3,64,1.8139
-0.3,65,1.9103
-0.3,66,2.0133
-0.3,67,2.0859
-0.3,68,2.2011
-0.3,69,2.3239
-0.3,70,2.4546
-0.3,71,2.5936
-0.3,72,2.7416
-0.3,73,2.8988
-0.3,74,3.0647
-0.3,75,3.2343
-0.3,76,3.406
-0.3,77,3.5806
-0.3,78,3.699
-0.3,79,3.8796
-0.3,80,4.0644
-0.3,81,4.2509
-0.3,82,4.4432
-0.3,83,4.5737
-0.3,84,4.765
-0.3,85,4.9259
-0.3,86,5.0835
-0.3,87,5.2416
-0.3,88,5.3975
-0.3,89,5.5525
-0.3,90,5.7146
-0.3,91,5.8285
-0.3,92,6.0087
-0.3,93,6.184
-0.3,94,6.3546
-0.3,95,6.4696
-0.3,96,6.6465
-0.3,97,6.8264
-0.3,98,7.0109
-0.3,99,7.1877
-0.3,100,7.3047
-0.3,101,7.4796
-0.3,102,7.6547
-0.3,103,7.8326
-0.3,104,7.9402
-0.3,105,8.0656
-0.3,106,8.1823
-0.3,107,8.303
-0.3,108,8.439
-0.3,109,8.5332
-0.3,110,8.6776
-0.3,111,8.8259
-0.3,112,8.978
-0.3,113,9.0813
-0.3,114,9.2391
-0.3,115,9.3994
-0.3,116,9.5621
-0.3,117,9.727
-0.3,118,9.894
-0.3,119,10.0065
-0.3,120,10.1766
-0.3,121,10.3488
-0.3,122,10.5228
-0.3,123,10.6397
-0.3,124,10.8165
-0.3,125,10.9947
-0.3,126,11.1741
-0.3,127,11.3542
-0.3,128,11.5351
-0.3,129,11.656
-0.3,130,11.8374
-0.3,131,12.0185
-0.3,132,12.1985
-0.3,133,12.3763
-0.3,134,12.5492
-0.3,135,12.6618
-0.3,136,12.8271
-0.3,137,12.9881
-0.3,138,13.5367
-0.3,139,13.6723
-0.3,140,13.8015
-0.3,141,13.9242
-0.3,142,14.0389
-0.3,143,14.1409
-0.3,144,14.2074
-0.3,145,14.3037
-0.3,146,14.3944
-0.3,147,14.4987
-0.3,148,14.5428
-0.3,149,14.6019
-0.3,150,14.6696
-0.3,151,14.7473
-0.3,152,14.6741
-0.3,153,14.6794
-0.3,154,14.673
-0.3,155,14.6528
-0.3,156,14.6199
-0.3,157,14.574
-0.3,158,14.5152
-0.3,159,14.4689
-0.3,160,14.3892
-0.3,161,14.2952
-0.3,162,14.1868
-0.3,163,14.0646
-0.3,164,13.9274
-0.3,165,14.0166
-0.3,166,13.8505
-0.3,167,13.6733
-0.3,168,13.4807
-0.3,169,13.274
-0.3,170,13.0541
-0.3,171,12.8165
-0.3,172,12.5645
-0.3,173,12.2992
-0.3,174,12.0225
-0.3,175,11.7372
-0.3,176,11.4387
-0.3,177,11.2307
-0.3,178,12.7991
-0.3,179,12.4349
-0.3,180,12.0702
-0.3,181,11.7105
-0.3,182,11.3592
-0.3,183,11.013
-0.3,184,10.6733
-0.3,185,10.3437
-0.3,186,10.1301
-0.3,187,9.8212
-0.3,188,9.5305
-0.3,189,9.4234
-0.3,190,9.4076
-0.3,191,9.4045
-0.3,192,9.4052
-0.3,193,9.406
-0.3,194,9.406
-0.3,195,9.4056
-0.3,196,9.4054
-0.3,197,9.4053
-0.3,198,9.4053
-0.3,199,9.4053
-0.3,200,9.4053
-0.3,201,9.4052
-0.3,202,9.4054
-0.3,203,9.4055
-0.3,204,9.4055
-0.3,205,9.4055
-0.3,206,9.4054
-0.3,207,9.4055
-0.3,208,9.4055
-0.3,209,9.4055
-0.3,210,9.4056
-0.3,211,9.4056
-0.3,212,9.4056
-0.3,213,9.4055
-0.3,214,9.4056
-0.3,215,9.4056
-0.3,216,9.4056
-0.3,217,9.4055
-0.3,218,9.4054
-0.3,219,9.4054
-0.3,220,9.4054
-0.3,221,9.4052
-0.3,222,9.4052
-0.3,223,9.4052
-0.3,224,9.4052
-0.3,225,9.4052
-0.3,226,9.4051
-0.3,227,9.4052
-0.3,228,9.4052
-0.3,229,9.4052
-0.3,230,9.4051
-0.3,231,9.4052
-0.3,232,9.4052
-0.3,233,9.4052
-0.3,234,9.4052
-0.3,235,9.4052
-0.3,236,9.4051
-0.3,237,9.4051
-0.3,238,9.405
-0.3,239,9.4051
-0.3,240,9.4051
-0.3,241,9.4051
-0.3,242,9.4052
-0.3,243,9.4053
-0.3,244,9.4053
-0.3,245,9.4053
-0.3,246,9.4051
-0.3,247,9.405
-0.3,248,9.4049
-0.3,249,9.4051
-0.3,250,9.405
-0.3,251,9.4052
-0.3,252,9.405
-0.3,253,9.4051
-0.3,254,9.4051
-0.3,255,9.4051
-0.3,256,9.405
-0.3,257,9.405
-0.3,258,9.405
-0.3,259,9.405
-0.3,260,9.405
-0.3,261,9.4049
-0.3,262,9.405
-0.3,263,9.405
-0.3,264,9.4051
-0.3,265,9.405
-0.3,266,9.405
-0.3,267,9.405
-0.3,268,9.405
-0.3,269,9.4051
-0.3,270,9.405
-0.3,271,9.405
-0.3,272,9.4051
-0.3,273,9.4051
-0.3,274,9.4051
-0.3,275,9.4051
-0.3,276,9.4052
-0.3,277,9.4052
-0.3,278,9.4053
-0.3,279,9.4053
-0.3,280,9.4054
-0.3,281,9.4054
-0.3,282,9.4055
-0.3,283,9.4055
-0.3,284,9.4056
-0.3,285,9.4056
-0.3,286,9.4057
-0.3,287,9.4057
-0.3,288,9.4057
-0.3,289,9.4058
-0.3,290,9.4057
-0.3,291,9.4058
-0.3,292,9.4057
-0.3,293,9.4056
-0.3,294,9.4057
-0.3,295,9.4056
-0.3,296,9.4057
-0.3,297,9.4055
-0.3,298,9.4056
-0.3,299,9.4055
-0.3,300,9.4056
-0.3,301,9.4055
-0.3,302,9.4055
-0.3,303,9.4054
-0.3,304,9.4054
-0.3,305,9.4055
-0.3,306,9.4054
-0.3,307,9.4054
-0.3,308,9.4055
-0.3,309,9.4056
-0.3,310,9.4055
-0.3,311,9.4055
-0.3,312,9.4056
-0.3,313,9.4055
-0.3,314,9.4055
-0.3,315,9.4055
-0.3,316,9.4055
-0.3,317,9.4055
-0.3,318,9.4055
-0.3,319,9.4054
-0.3,320,9.4055
-0.3,321,9.4055
-0.3,322,9.4054
-0.3,323,9.4054
-0.3,324,9.4054
-0.3,325,9.4055
-0.3,326,9.4054
-0.3,327,9.4054
-0.3,328,9.4054
-0.3,329,9.4055
-0.3,330,9.4056
-0.3,331,9.4055
-0.3,332,9.4054
-0.3,333,9.4056
-0.3,334,9.4056
-0.3,335,9.4056
-0.3,336,9.4056
-0.3,337,9.4056
-0.3,338,9.4057
-0.3,339,9.4057
-0.3,340,9.4057
-0.3,341,9.4057
-0.3,342,9.4056
-0.3,343,9.4056
-0.3,344,9.4056
-0.3,345,9.4056
-0.3,346,9.4055
-0.3,347,9.4055
-0.3,348,9.4054
-0.3,349,9.4054
-0.3,350,9.4053
-0.3,351,9.4053
-0.3,352,9.4054
-0.3,353,9.4055
-0.3,354,9.4055
-0.3,355,9.4055
-0.3,356,9.4055
-0.3,357,9.4054
-0.3,358,9.4054
-0.3,359,9.4055
-0.3,360,9.4054
-0.3,361,9.4054
-0.3,362,9.4054
-0.3,363,9.4053
-0.3,364,9.4053
-0.3,365,9.4054
-0.3,366,9.4054
-0.3,367,9.4055
-0.3,368,9.4055
-0.3,369,9.4054
-0.3,370,9.4054
-0.3,371,9.4055
-0.3,372,9.4055
-0.3,373,9.4057
-0.3,374,9.4056
-0.3,375,9.4056
-0.3,376,9.4056
-0.3,377,9.4056
-0.3,378,9.4056
-0.3,379,9.4055
-0.3,380,9.4055
-0.3,381,9.4055
-0.3,382,9.4055
-0.3,383,9.4054
-0.3,384,9.4054
-0.3,385,9.4053
-0.3,386,9.4053
-0.3,387,9.4052
-0.3,388,9.4052
-0.3,389,9.4052
-0.3,390,9.4054
-0.3,391,9.4052
-0.3,392,9.4052
-0.3,393,9.4052
-0.3,394,9.4052
-0.3,395,9.4053
-0.3,396,9.4052
-0.3,397,9.4052
-0.3,398,9.4052
-0.3,399,9.4053
-0.3,400,9.4053
-0.2,1,9.4052
-0.2,2,9.4052
-0.2,3,0.7598
-0.2,4,0.7598
-0.2,5,0.7598
-0.2,6,0.7598
-0.2,7,0.7598
-0.2,8,0.7598
-0.2,9,0.7599
-0.2,10,0.7601
-0.2,11,0.7603
-0.2,12,0.7606
-0.2,13,0.7608
-0.2,14,0.7612
-0.2,15,0.7617
-0.2,16,0.7622
-0.2,17,0.7628
-0.2,18,0.7635
-0.2,19,0.7642
-0.2,20,0.7651
-0.2,21,0.7657
-0.2,22,0.7667
-0.2,23,0.7678
-0.2,24,0.7691
-0.2,25,0.7705
-0.2,26,0.7715
-0.2,27,0.7732
-0.2,28,0.7751
-0.2,29,0.7772
-0.2,30,0.7795
-0.2,31,0.7822
-0.2,32,0.7851
-0.2,33,0.7873
-0.2,34,0.7908
-0.2,35,0.7949
-0.2,36,0.7994
-0.2,37,0.8045
-0.2,38,0.8101
-0.2,39,0.8163
-0.2,40,0.8232
-0.2,41,0.8308
-0.2,42,0.839
-0.2,43,0.848
-0.2,44,0.8579
-0.2,45,0.8649
-0.2,46,0.8762
-0.2,47,0.8886
-0.2,48,0.902
-0.2,49,0.9165
-0.2,50,0.9323
-0.2,51,0.9436
-0.2,52,0.9617
-0.2,53,0.9812
-0.2,54,1.0024
-0.2,55,1.0258
-0.2,56,1.0535
-0.2,57,1.0866
-0.2,58,1.141
-0.2,59,1.1434
-0.2,60,1.1821
-0.2,61,1.2252
-0.2,62,1.2723
-0.2,63,1.3234
-0.2,64,1.3786
-0.2,65,1.4175
-0.2,66,1.4792
-0.2,67,1.5447
-0.2,68,1.6142
-0.2,69,1.6881
-0.2,70,1.8502
-0.2,71,1.9386
-0.2,72,2.0326
-0.2,73,2.1327
-0.2,74,2.2028
-0.2,75,2.3135
-0.2,76,2.4309
-0.2,77,2.5553
-0.2,78,2.6872
-0.2,79,2.8269
-0.2,80,2.9247
-0.2,81,3.0783
-0.2,82,3.2367
-0.2,83,3.3981
-0.2,84,3.5618
-0.2,85,3.7294
-0.2,86,3.8426
-0.2,87,4.0186
-0.2,88,4.1974
-0.2,89,4.3794
-0.2,90,4.5755
-0.2,91,4.7795
-0.2,92,4.8976
-0.2,93,5.0713
-0.2,94,5.2404
-0.2,95,5.4086
-0.2,96,5.5762
-0.2,97,5.6904
-0.2,98,5.9342
-0.2,99,6.0589
-0.2,100,6.2479
-0.2,101,6.4473
-0.2,102,6.6534
-0.2,103,6.8628
-0.2,104,7.0678
-0.2,105,7.26
-0.2,106,7.4508
-0.2,107,7.576
-0.2,108,7.7641
-0.2,109,7.9597
-0.2,110,8.161
-0.2,111,8.3499
-0.2,112,8.5422
-0.2,113,8.6825
-0.2,114,8.8976
-0.2,115,9.1166
-0.2,116,9.3388
-0.2,117,9.564
-0.2,118,9.792
-0.2,119,9.9452
-0.2,120,10.176
-0.2,121,10.408
-0.2,122,10.6408
-0.2,123,10.7964
-0.2,124,11.0304
-0.2,125,11.2647
-0.2,126,11.499
-0.2,127,11.6549
-0.2,128,11.8879
-0.2,129,12.1195
-0.2,130,12.349
-0.2,131,12.5759
-0.2,132,12.7253
-0.2,133,12.9462
-0.2,134,13.1633
-0.2,135,13.376
-0.2,136,13.5834
-0.2,137,13.7184
-0.2,138,13.9138
-0.2,139,14.0996
-0.2,140,14.2751
-0.2,141,14.4401
-0.2,142,14.5443
-0.2,143,14.6925
-0.2,144,14.8301
-0.2,145,14.9564
-0.2,146,15.0704
-0.2,147,15.1716
-0.2,148,15.2315
-0.2,149,15.3118
-0.2,150,15.3819
-0.2,151,15.4386
-0.2,152,15.4852
-0.2,153,15.5101
-0.2,154,15.5288
-0.2,155,15.5261
-0.2,156,15.505
-0.2,157,15.4681
-0.2,158,15.4155
-0.2,159,15.3453
-0.2,160,15.2933
-0.2,161,15.2083
-0.2,162,15.1075
-0.2,163,14.9794
-0.2,164,14.8355
-0.2,165,14.6734
-0.2,166,14.4995
-0.2,167,14.315
-0.2,168,14.0973
-0.2,169,13.8543
-0.2,170,13.5959
-0.2,171,13.4177
-0.2,172,13.135
-0.2,173,12.8414
-0.2,174,12.5365
-0.2,175,12.2125
-0.2,176,11.8769
-0.2,177,11.5214
-0.2,178,11.1544
-0.2,179,10.7743
-0.2,180,10.5168
-0.2,181,10.1291
-0.2,182,9.736
-0.2,183,9.33
-0.2,184,8.9201
-0.2,185,8.5082
-0.2,186,8.0954
-0.2,187,7.8113
-0.2,188,7.7671
-0.2,189,7.7323
-0.2,190,7.7401
-0.2,191,7.7452
-0.2,192,7.7476
-0.2,193,7.7457
-0.2,194,7.7479
-0.2,195,7.7479
-0.2,196,7.7475
-0.2,197,7.7469
-0.2,198,7.7463
-0.2,199,7.7459
-0.2,200,7.7456
-0.2,201,7.7454
-0.2,202,7.7451
-0.2,203,7.745
-0.2,204,7.7448
-0.2,205,7.7446
-0.2,206,7.7442
-0.2,207,7.7441
-0.2,208,7.7437
-0.2,209,7.7435
-0.2,210,7.7434
-0.2,211,7.7431
-0.2,212,7.7429
-0.2,213,7.7428
-0.2,214,7.7427
-0.2,215,7.7426
-0.2,216,7.7425
-0.2,217,7.7423
-0.2,218,7.7423
-0.2,219,7.7421
-0.2,220,7.7419
-0.2,221,7.7418
-0.2,222,7.7424
-0.2,223,7.7423
-0.2,224,7.7421
-0.2,225,7.7419
-0.2,226,7.7418
-0.2,227,7.7415
-0.2,228,7.7413
-0.2,229,7.7411
-0.2,230,7.7409
-0.2,231,7.7407
-0.2,232,7.7406
-0.2,233,7.7405
-0.2,234,7.7402
-0.2,235,7.7401
-0.2,236,7.7398
-0.2,237,7.7396
-0.2,238,7.7394
-0.2,239,7.7393
-0.2,240,7.7391
-0.2,241,7.739
-0.2,242,7.7391
-0.2,243,7.7391
-0.2,244,7.7391
-0.2,245,7.7391
-0.2,246,7.7391
-0.2,247,7.7391
-0.2,248,7.7391
-0.2,249,7.7392
-0.2,250,7.7391
-0.2,251,7.7392
-0.2,252,7.7392
-0.2,253,7.7392
-0.2,254,7.7392
-0.2,255,7.7392
-0.2,256,7.7392
-0.2,257,7.7392
-0.2,258,7.7392
-0.2,259,7.7392
-0.2,260,7.7392
-0.2,261,7.7391
-0.2,262,7.7392
-0.2,263,7.7394
-0.2,264,7.7392
-0.2,265,7.7392
-0.2,266,7.7392
-0.2,267,7.7392
-0.2,268,7.7392
-0.2,269,7.7392
-0.2,270,7.7392
-0.2,271,7.7392
-0.2,272,7.7393
-0.2,273,7.7393
-0.2,274,7.7393
-0.2,275,7.7393
-0.2,276,7.7393
-0.2,277,7.7393
-0.2,278,7.7393
-0.2,279,7.7393
-0.2,280,7.7393
-0.2,281,7.7393
-0.2,282,7.7393
-0.2,283,7.7393
-0.2,284,7.7393
-0.2,285,7.7393
-0.2,286,7.7393
-0.2,287,7.7393
-0.2,288,7.7393
-0.2,289,7.7393
-0.2,290,7.7393
-0.2,291,7.7393
-0.2,292,7.7393
-0.2,293,7.7393
-0.2,294,7.7394
-0.2,295,7.7394
-0.2,296,7.7394
-0.2,297,7.74
-0.2,298,7.7402
-0.2,299,7.7402
-0.2,300,7.7402
-0.2,301,7.7402
-0.2,302,7.7402
-0.2,303,7.7402
-0.2,304,7.7402
-0.2,305,7.7402
-0.2,306,7.7402
-0.2,307,7.7402
-0.2,308,7.7402
-0.2,309,7.7402
-0.2,310,7.7402
-0.2,311,7.7402
-0.2,312,7.7402
-0.2,313,7.7402
-0.2,314,7.7402
-0.2,315,7.7402
-0.2,316,7.7402
-0.2,317,7.7403
-0.2,318,7.7402
-0.2,319,7.7402
-0.2,320,7.7403
-0.2,321,7.7402
-0.2,322,7.7403
-0.2,323,7.7403
-0.2,324,7.7403
-0.2,325,7.7404
-0.2,326,7.7403
-0.2,327,7.7403
-0.2,328,7.7404
-0.2,329,7.7403
-0.2,330,7.7404
-0.2,331,7.7404
-0.2,332,7.7404
-0.2,333,7.7405
-0.2,334,7.7403
-0.2,335,7.7404
-0.2,336,7.7404
-0.2,337,7.7404
-0.2,338,7.7404
-0.2,339,7.7404
-0.2,340,7.7403
-0.2,341,7.7404
-0.2,342,7.7404
-0.2,343,7.7404
-0.2,344,7.7403
-0.2,345,7.7404
-0.2,346,7.7404
-0.2,347,7.7404
-0.2,348,7.7404
-0.2,349,7.7404
-0.2,350,7.7404
-0.2,351,7.7404
-0.2,352,7.7405
-0.2,353,7.7405
-0.2,354,7.7404
-0.2,355,7.7404
-0.2,356,7.7404
-0.2,357,7.7404
-0.2,358,7.7404
-0.2,359,7.7404
-0.2,360,7.7404
-0.2,361,7.7404
-0.2,362,7.7404
-0.2,363,7.7404
-0.2,364,7.7404
-0.2,365,7.7404
-0.2,366,7.7404
-0.2,367,7.7405
-0.2,368,7.7404
-0.2,369,7.7404
-0.2,370,7.7404
-0.2,371,7.7404
-0.2,372,7.7404
-0.2,373,7.7404
-0.2,374,7.7404
-0.2,375,7.7404
-0.2,376,7.7405
-0.2,377,7.7404
-0.2,378,7.7404
-0.2,379,7.7404
-0.2,380,7.7404
-0.2,381,7.7404
-0.2,382,7.7404
-0.2,383,7.7404
-0.2,384,7.7404
-0.2,385,7.7404
-0.2,386,7.7404
-0.2,387,7.7404
-0.2,388,7.7405
-0.2,389,7.7404
-0.2,390,7.7404
-0.2,391,7.7404
-0.2,392,7.7405
-0.2,393,7.7404
-0.2,394,7.7404
-0.2,395,7.7405
-0.2,396,7.7405
-0.2,397,7.7404
-0.2,398,7.7404
-0.2,399,7.7404
-0.2,400,7.7404
-0.1,1,7.7405
-0.1,2,7.7405
-0.1,3,0.7598
-0.1,4,0.7598
-0.1,5,0.7598
-0.1,6,0.7598
-0.1,7,0.7598
-0.1,8,0.7599
-0.1,9,0.7599
-0.1,10,0.76
-0.1,11,0.7601
-0.1,12,0.7603
-0.1,13,0.7604
-0.1,14,0.7607
-0.1,15,0.7608
-0.1,16,0.761
-0.1,17,0.7613
-0.1,18,0.7616
-0.1,19,0.7619
-0.1,20,0.7623
-0.1,21,0.7628
-0.1,22,0.7633
-0.1,23,0.7638
-0.1,24,0.7643
-0.1,25,0.765
-0.1,26,0.7658
-0.1,27,0.7667
-0.1,28,0.7677
-0.1,29,0.7685
-0.1,30,0.7698
-0.1,31,0.7713
-0.1,32,0.7729
-0.1,33,0.7748
-0.1,34,0.777
-0.1,35,0.7794
-0.1,36,0.7821
-0.1,37,0.7851
-0.1,38,0.7872
-0.1,39,0.7908
-0.1,40,0.7947
-0.1,41,0.799
-0.1,42,0.8037
-0.1,43,0.8089
-0.1,44,0.8146
-0.1,45,0.8208
-0.1,46,0.8275
-0.1,47,0.8322
-0.1,48,0.8398
-0.1,49,0.848
-0.1,50,0.8569
-0.1,51,0.8665
-0.1,52,0.8772
-0.1,53,0.891
-0.1,54,0.9024
-0.1,55,0.9244
-0.1,56,0.9407
-0.1,57,0.961
-0.1,58,0.9847
-0.1,59,1.0112
-0.1,60,1.0402
-0.1,61,1.0609
-0.1,62,1.0937
-0.1,63,1.1283
-0.1,64,1.1647
-0.1,65,1.2029
-0.1,66,1.2431
-0.1,67,1.2854
-0.1,68,1.3299
-0.1,69,1.3766
-0.1,70,1.4258
-0.1,71,1.4775
-0.1,72,1.5135
-0.1,73,1.5698
-0.1,74,1.6291
-0.1,75,1.6913
-0.1,76,1.7568
-0.1,77,1.8257
-0.1,78,1.8981
-0.1,79,1.9743
-0.1,80,2.0273
-0.1,81,2.1102
-0.1,82,2.1976
-0.1,83,2.2884
-0.1,84,2.3842
-0.1,85,2.4853
-0.1,86,2.5901
-0.1,87,2.7018
-0.1,88,2.8176
-0.1,89,2.9407
-0.1,90,3.0684
-0.1,91,3.1575
-0.1,92,3.2965
-0.1,93,3.4361
-0.1,94,3.5774
-0.1,95,3.7232
-0.1,96,3.8725
-0.1,97,4.0261
-0.1,98,4.1837
-0.1,99,4.3437
-0.1,100,4.4523
-0.1,101,4.6909
-0.1,102,4.819
-0.1,103,5.0042
-0.1,104,5.2534
-0.1,105,5.3791
-0.1,106,5.5625
-0.1,107,5.7482
-0.1,108,5.9492
-0.1,109,6.1556
-0.1,110,6.3662
-0.1,111,6.5808
-0.1,112,6.726
-0.1,113,6.9471
-0.1,114,7.1705
-0.1,115,7.02
-0.1,116,7.2762
-0.1,117,7.5372
-0.1,118,7.8038
-0.1,119,8.0633
-0.1,120,8.331
-0.1,121,8.5125
-0.1,122,8.7902
-0.1,123,9.1707
-0.1,124,9.3653
-0.1,125,9.6622
-0.1,126,9.9648
-0.1,127,10.272
-0.1,128,10.5819
-0.1,129,10.8965
-0.1,130,11.2138
-0.1,131,11.4272
-0.1,132,11.7457
-0.1,133,12.0645
-0.1,134,12.384
-0.1,135,12.7016
-0.1,136,13.0163
-0.1,137,13.2257
-0.1,138,13.5387
-0.1,139,13.8353
-0.1,140,14.0308
-0.1,141,14.3112
-0.1,142,14.5895
-0.1,143,14.857
-0.1,144,15.1148
-0.1,145,15.3583
-0.1,146,15.5093
-0.1,147,15.7254
-0.1,148,15.9187
-0.1,149,16.104
-0.1,150,16.2742
-0.1,151,16.3792
-0.1,152,16.5264
-0.1,153,16.6623
-0.1,154,16.7828
-0.1,155,16.885
-0.1,156,16.9681
-0.1,157,20.5443
-0.1,158,20.4056
-0.1,159,20.3053
-0.1,160,20.1423
-0.1,161,19.9648
-0.1,162,19.7695
-0.1,163,19.5609
-0.1,164,19.3356
-0.1,165,19.086
-0.1,166,18.8247
-0.1,167,18.5483
-0.1,168,18.259
-0.1,169,17.9523
-0.1,170,17.6361
-0.1,171,17.4185
-0.1,172,17.0829
-0.1,173,16.7337
-0.1,174,16.3648
-0.1,175,15.9853
-0.1,176,15.5936
-0.1,177,15.1923
-0.1,178,14.7795
-0.1,179,14.3575
-0.1,180,13.9299
-0.1,181,13.4982
-0.1,182,13.0582
-0.1,183,12.7635
-0.1,184,12.3174
-0.1,185,11.8748
-0.1,186,11.4305
-0.1,187,10.9818
-0.1,188,10.5427
-0.1,189,10.1139
-0.1,190,9.7006
-0.1,191,9.3019
-0.1,192,9.0462
-0.1,193,8.5661
-0.1,194,8.4692
-0.1,195,8.4818
-0.1,196,8.4779
-0.1,197,8.5045
-0.1,198,8.5684
-0.1,199,8.6101
-0.1,200,8.6386
-0.1,201,8.6553
-0.1,202,8.6657
-0.1,203,8.672
-0.1,204,8.6737
-0.1,205,8.6716
-0.1,206,8.6655
-0.1,207,8.6591
-0.1,208,8.6461
-0.1,209,8.6343
-0.1,210,8.6329
-0.1,211,8.6324
-0.1,212,8.6318
-0.1,213,8.6311
-0.1,214,8.6307
-0.1,215,8.63
-0.1,216,8.6296
-0.1,217,8.6288
-0.1,218,8.6283
-0.1,219,8.6278
-0.1,220,8.6272
-0.1,221,8.6264
-0.1,222,8.6258
-0.1,223,8.6253
-0.1,224,8.6247
-0.1,225,8.6243
-0.1,226,8.6239
-0.1,227,8.6231
-0.1,228,8.6227
-0.1,229,8.622
-0.1,230,8.6217
-0.1,231,8.6212
-0.1,232,8.6206
-0.1,233,8.6199
-0.1,234,8.6195
-0.1,235,8.6192
-0.1,236,8.6186
-0.1,237,8.6179
-0.1,238,8.6176
-0.1,239,8.6171
-0.1,240,8.6167
-0.1,241,8.6165
-0.1,242,8.6161
-0.1,243,8.6155
-0.1,244,8.6152
-0.1,245,8.6147
-0.1,246,8.6144
-0.1,247,8.614
-0.1,248,8.6136
-0.1,249,8.6132
-0.1,250,8.613
-0.1,251,8.6127
-0.1,252,8.6126
-0.1,253,8.6121
-0.1,254,8.6119
-0.1,255,8.6115
-0.1,256,8.6111
-0.1,257,8.6108
-0.1,258,8.6104
-0.1,259,8.6097
-0.1,260,8.6098
-0.1,261,8.6095
-0.1,262,8.6093
-0.1,263,8.609
-0.1,264,8.6088
-0.1,265,8.6082
-0.1,266,8.6078
-0.1,267,8.6073
-0.1,268,8.6074
-0.1,269,8.607
-0.1,270,8.6067
-0.1,271,8.6065
-0.1,272,8.6064
-0.1,273,8.6062
-0.1,274,8.6059
-0.1,275,8.6057
-0.1,276,8.6055
-0.1,277,8.6054
-0.1,278,8.6049
-0.1,279,8.6048
-0.1,280,8.6047
-0.1,281,8.6046
-0.1,282,8.6046
-0.1,283,8.6041
-0.1,284,8.6041
-0.1,285,8.6038
-0.1,286,8.6037
-0.1,287,8.6034
-0.1,288,8.6033
-0.1,289,8.6033
-0.1,290,8.6027
-0.1,291,8.6023
-0.1,292,8.6024
-0.1,293,8.6025
-0.1,294,8.6019
-0.1,295,8.6017
-0.1,296,8.6015
-0.1,297,8.6012
-0.1,298,8.6013
-0.1,299,8.601
-0.1,300,8.6008
-0.1,301,8.6004
-0.1,302,8.6002
-0.1,303,8.5999
-0.1,304,8.5996
-0.1,305,8.5992
-0.1,306,8.5988
-0.1,307,8.5983
-0.1,308,8.598
-0.1,309,8.5977
-0.1,310,8.5977
-0.1,311,8.5975
-0.1,312,8.5973
-0.1,313,8.5971
-0.1,314,8.5968
-0.1,315,8.5965
-0.1,316,8.5964
-0.1,317,8.5964
-0.1,318,8.5962
-0.1,319,8.5962
-0.1,320,8.5961
-0.1,321,8.5958
-0.1,322,8.5954
-0.1,323,8.5955
-0.1,324,8.5952
-0.1,325,8.5953
-0.1,326,8.5953
-0.1,327,8.5944
-0.1,328,8.5942
-0.1,329,8.594
-0.1,330,8.5937
-0.1,331,8.5936
-0.1,332,8.5934
-0.1,333,8.5932
-0.1,334,8.593
-0.1,335,8.5931
-0.1,336,8.5928
-0.1,337,8.5924
-0.1,338,8.5924
-0.1,339,8.5923
-0.1,340,8.592
-0.1,341,8.5921
-0.1,342,8.5915
-0.1,343,8.5913
-0.1,344,8.5913
-0.1,345,8.5909
-0.1,346,8.5909
-0.1,347,8.5906
-0.1,348,8.5908
-0.1,349,8.5905
-0.1,350,8.5905
-0.1,351,8.5902
-0.1,352,8.59
-0.1,353,8.59
-0.1,354,8.5899
-0.1,355,8.5899
-0.1,356,8.5898
-0.1,357,8.5899
-0.1,358,8.59
-0.1,359,8.59
-0.1,360,8.5897
-0.1,361,8.5895
-0.1,362,8.5893
-0.1,363,8.5892
-0.1,364,8.5894
-0.1,365,8.5891
-0.1,366,8.5889
-0.1,367,8.589
-0.1,368,8.5887
-0.1,369,8.5886
-0.1,370,8.5885
-0.1,371,8.5882
-0.1,372,8.5882
-0.1,373,8.588
-0.1,374,8.5882
-0.1,375,8.5877
-0.1,376,8.5877
-0.1,377,8.5877
-0.1,378,8.5872
-0.1,379,8.587
-0.1,380,8.587
-0.1,381,8.5868
-0.1,382,8.5869
-0.1,383,8.5871
-0.1,384,8.5869
-0.1,385,8.5868
-0.1,386,8.5868
-0.1,387,8.5865
-0.1,388,8.5865
-0.1,389,8.5862
-0.1,390,8.5858
-0.1,391,8.5855
-0.1,392,8.5851
-0.1,393,8.585
-0.1,394,8.5847
-0.1,395,8.5843
-0.1,396,8.5842
-0.1,397,8.584
-0.1,398,8.5837
-0.1,399,8.5837
-0.1,400,8.5839
-2.77556e-17,1,8.5835
0,2,8.5835
0,3,0.7598
0,4,0.7598
0,5,0.7598
0,6,0.7598
0,7,0.7598
0,8,0.7599
0,9,0.7598
0,10,0.7598
0,11,0.7598
0,12,0.7597
0,13,0.7597
0,14,0.7596
0,15,0.7595
0,16,0.7594
0,17,0.7592
0,18,0.7591
0,19,0.7589
0,20,0.7587
0,21,0.7585
0,22,0.7583
0,23,0.7581
0,24,0.7579
0,25,0.7576
0,26,0.7573
0,27,0.7571
0,28,0.7569
0,29,0.7566
0,30,0.7563
0,31,0.756
0,32,0.7557
0,33,0.7554
0,34,0.7552
0,35,0.7549
0,36,0.7547
0,37,0.7545
0,38,0.7543
0,39,0.7541
0,40,0.7539
0,41,0.7539
0,42,0.7538
0,43,0.7537
0,44,0.7537
0,45,0.7538
0,46,0.7539
0,47,0.7541
0,48,0.7543
0,49,0.7546
0,50,0.755
0,51,0.7555
0,52,0.7565
0,53,0.762
0,54,0.7712
0,55,0.7811
0,56,0.7807
0,57,0.7883
0,58,0.7982
0,59,0.8099
0,60,0.8229
0,61,0.8323
0,62,0.8468
0,63,0.8617
0,64,0.877
0,65,0.8928
0,66,0.9089
0,67,0.9254
0,68,0.9367
0,69,0.9539
0,70,0.9715
0,71,0.9895
0,72,1.0079
0,73,1.0268
0,74,1.0462
0,75,1.0594
0,76,1.0796
0,77,1.1073
0,78,1.1287
0,79,1.1433
0,80,1.1656
0,81,1.1885
0,82,1.2117
0,83,1.2355
0,84,1.26
0,85,1.2847
0,86,1.3104
0,87,1.3363
0,88,1.3632
0,89,1.3904
0,90,1.4184
0,91,1.4469
0,92,1.4763
0,93,1.5059
0,94,1.5365
0,95,1.5673
0,96,1.5991
0,97,1.6207
0,98,1.6533
0,99,1.687
0,100,1.7209
0,101,1.7561
0,102,1.7915
0,103,1.8279
0,104,1.8647
0,105,1.9027
0,106,1.9409
0,107,1.9803
0,108,2.0201
0,109,2.061
0,110,2.1023
0,111,2.1448
0,112,2.1876
0,113,2.2317
0,114,2.2762
0,115,2.3064
0,116,2.3527
0,117,2.3992
0,118,2.4468
0,119,2.4946
0,120,2.5436
0,121,2.5928
0,122,2.6451
0,123,2.7923
0,124,2.764
0,125,2.8298
0,126,2.8767
0,127,2.9517
0,128,3.028
0,129,3.1059
0,130,3.1841
0,131,3.2641
0,132,3.3423
0,133,3.4185
0,134,3.4921
0,135,3.5642
0,136,3.6333
0,137,3.6779
0,138,3.7642
0,139,3.8058
0,140,3.8666
0,141,3.9258
0,142,3.9851
0,143,4.0433
0,144,4.1012
0,145,4.1542
0,146,4.1865
0,147,4.2342
0,148,4.2802
0,149,4.3288
0,150,4.3785
0,151,4.4312
0,152,4.4858
0,153,4.5227
0,154,4.5792
0,155,4.6355
0,156,4.6943
0,157,4.7568
0,158,4.8255
0,159,4.8986
0,160,4.9483
0,161,5.0266
0,162,5.1146
0,163,5.1982
0,164,5.2733
0,165,5.3423
0,166,5.4009
0,167,5.4541
0,168,5.5057
0,169,5.5558
0,170,5.6064
0,171,5.833
0,172,5.7181
0,173,5.752
0,174,5.807
0,175,5.8651
0,176,5.9231
0,177,5.98
0,178,6.0323
0,179,6.0831
0,180,6.1159
0,181,6.1651
0,182,6.2151
0,183,6.2651
0,184,6.3174
0,185,6.3711
0,186,6.4276
0,187,6.488
0,188,6.5299
0,189,6.5957
0,190,6.6647
0,191,6.7384
0,192,6.8154
0,193,6.8953
0,194,6.9473
0,195,7.0238
0,196,7.0959
0,197,7.1605
0,198,7.2238
0,199,7.2861
0,200,7.349
0,201,7.4125
0,202,7.4552
0,203,7.5201
0,204,7.5856
0,205,7.7199
0,206,7.7887
0,207,7.8582
0,208,7.9292
0,209,8.0009
0,210,8.0243
0,211,8.231
0,212,8.2418
0,213,8.337
0,214,8.4389
0,215,8.5454
0,216,8.6537
0,217,8.7629
0,218,8.8738
0,219,8.9857
0,220,9.0611
0,221,9.1755
0,222,9.3298
0,223,9.447
0,224,9.5659
0,225,9.6858
0,226,9.8073
0,227,9.889
0,228,10.0126
0,229,10.1378
0,230,10.2642
0,231,10.3922
0,232,10.5213
0,233,10.6522
0,234,10.7842
0,235,10.9179
0,236,11.0527
0,237,11.1892
0,238,11.327
0,239,11.4664
0,240,11.6071
0,241,11.7494
0,242,11.8931
0,243,12.0382
0,244,12.0582
0,245,12.2351
0,246,12.3539
0,247,12.8029
0,248,12.825
0,249,12.9691
0,250,13.1451
0,251,13.3295
0,252,13.5174
0,253,13.707
0,254,13.8982
0,255,14.0266
0,256,14.2205
0,257,14.416
0,258,14.6132
0,259,14.812
0,260,15.0124
0,261,15.2145
0,262,15.4182
0,263,15.6236
0,264,15.8307
0,265,16.0394
0,266,16.2498
0,267,16.4619
0,268,16.6757
0,269,16.8915
0,270,17.1084
0,271,17.326
0,272,17.5437
0,273,17.7601
0,274,17.904
0,275,18.1923
0,276,18.4087
0,277,18.1239
0,278,18.3905
0,279,18.6598
0,280,18.9271
0,281,19.1918
0,282,19.4545
0,283,19.7137
0,284,19.971
0,285,20.2242
0,286,20.4731
0,287,20.7808
0,288,20.9683
0,289,21.1892
0,290,21.4758
0,291,21.6902
0,292,21.9049
0,293,22.1192
0,294,22.3355
0,295,22.5534
0,296,22.9181
0,297,23.1373
0,298,23.3549
0,299,23.6423
0,300,23.8584
0,301,24.0766
0,302,24.2974
0,303,24.2029
0,304,24.4513
0,305,24.7059
0,306,24.9802
0,307,25.2656
0,308,25.55
0,309,25.8365
0,310,26.2201
0,311,26.5091
0,312,26.8017
0,313,27.097
0,314,27.395
0,315,27.6925
0,316,27.9952
0,317,28.4092
0,318,28.7396
0,319,29.0496
0,320,29.368
0,321,29.6983
0,322,30.0303
0,323,30.3579
0,324,30.6749
0,325,30.9812
0,326,31.2821
0,327,31.577
0,328,31.8629
0,329,32.232
0,330,32.4996
0,331,32.7631
0,332,33.0337
0,333,33.2983
0,334,33.5609
0,335,33.8167
0,336,34.0624
0,337,34.305
0,338,34.5456
0,339,33.9916
0,340,34.2441
0,341,34.4779
0,342,34.7019
0,343,34.9196
0,344,35.1369
0,345,35.3534
0,346,35.5646
0,347,35.7675
0,348,35.9611
0,349,36.145
0,350,36.3178
0,351,36.4817
0,352,36.6348
0,353,36.7798
0,354,36.9213
0,355,37.0596
0,356,37.1942
0,357,37.3254
0,358,37.4506
0,359,37.5724
0,360,37.6963
0,361,37.8213
0,362,37.9478
0,363,38.072
0,364,38.1921
0,365,38.2697
0,366,38.4217
0,367,38.4972
0,368,38.6113
0,369,38.7266
0,370,38.8456
0,371,38.9673
0,372,39.0912
0,373,39.2157
0,374,39.3403
0,375,39.4663
0,376,39.5924
0,377,39.7568
0,378,39.8768
0,379,39.9932
0,380,40.0686
0,381,40.1799
0,382,40.2887
0,383,40.3953
0,384,40.5009
0,385,40.6072
0,386,40.7156
0,387,40.861
0,388,40.9322
0,389,41.072
0,390,41.1774
0,391,41.2819
0,392,41.3834
0,393,41.4812
0,394,41.5762
0,395,41.6697
0,396,41.7613
0,397,41.8515
0,398,42.0121
0,399,42.0834
0,400,42.1591
0.1,1,42.2119
0.1,2,42.2119
0.1,3,0.7598
0.1,4,0.7598
0.1,5,0.7598
0.1,6,0.7598
0.1,7,0.7598
0.1,8,0.7599
0.1,9,0.7597
0.1,10,0.7595
0.1,11,0.7593
0.1,12,0.7591
0.1,13,0.7587
0.1,14,0.7584
0.1,15,0.7579
0.1,16,0.7574
0.1,17,0.757
0.1,18,0.7564
0.1,19,0.7557
0.1,20,0.7549
0.1,21,0.754
0.1,22,0.7531
0.1,23,0.752
0.1,24,0.7509
0.1,25,0.7497
0.1,26,0.7483
0.1,27,0.7468
0.1,28,0.7458
0.1,29,0.7441
0.1,30,0.7422
0.1,31,0.7401
0.1,32,0.737
0.1,33,0.7353
0.1,34,0.7325
0.1,35,0.7295
0.1,36,0.7262
0.1,37,0.7227
0.1,38,0.7189
0.1,39,0.7148
0.1,40,0.7105
0.1,41,0.7058
0.1,42,0.7009
0.1,43,0.6956
0.1,44,0.69
0.1,45,0.684
0.1,46,0.6777
0.1,47,0.671
0.1,48,0.6663
0.1,49,0.659
0.1,50,0.6513
0.1,51,0.6431
0.1,52,0.6346
0.1,53,0.6264
0.1,54,0.6205
0.1,55,0.6187
0.1,56,0.6213
0.1,57,0.6105
0.1,58,0.6049
0.1,59,0.6013
0.1,60,0.5992
0.1,61,0.5979
0.1,62,0.5974
0.1,63,0.5966
0.1,64,0.5955
0.1,65,0.5941
0.1,66,0.5923
0.1,67,0.5892
0.1,68,0.5875
0.1,69,0.5844
0.1,70,0.581
0.1,71,0.577
0.1,72,0.5727
0.1,73,0.5661
0.1,74,0.5624
0.1,75,0.5566
0.1,76,0.5502
0.1,77,0.5433
0.1,78,0.5359
0.1,79,0.5306
0.1,80,0.5223
0.1,81,0.5134
0.1,82,0.5039
0.1,83,0.494
0.1,84,0.4835
0.1,85,0.4761
0.1,86,0.4609
0.1,87,0.4487
0.1,88,0.436
0.1,89,0.4229
0.1,90,0.4092
0.1,91,0.3949
0.1,92,0.3802
0.1,93,0.3701
0.1,94,0.3546
0.1,95,0.3387
0.1,96,0.3223
0.1,97,0.2996
0.1,98,0.2822
0.1,99,0.2704
0.1,100,0.2464
0.1,101,0.2281
0.1,102,0.2094
0.1,103,0.1906
0.1,104,0.1715
0.1,105,0.1587
0.1,106,0.1394
0.1,107,0.1201
0.1,108,0.1008
0.1,109,0.0814
0.1,110,0.0622
0.1,111,0.0431
0.1,112,0.0242
0.1,113,0.0117
0.1,114,-0.0129
0.1,115,-0.0309
0.1,116,-0.0427
0.1,117,-0.06
0.1,118,-0.0767
0.1,119,-0.0929
0.1,120,-0.1085
0.1,121,-0.1234
0.1,122,-0.1373
0.1,123,-0.1474
0.1,124,-0.152
0.1,125,-0.1512
0.1,126,-0.1473
0.1,127,-0.1369
0.1,128,-0.123
0.1,129,-0.1078
0.1,130,-0.0917
0.1,131,-0.0745
0.1,132,-0.0565
0.1,133,-0.0439
0.1,134,-0.0242
0.1,135,-0.0039
0.1,136,0.0174
0.1,137,0.0393
0.1,138,0.062
0.1,139,0.0851
0.1,140,0.1009
0.1,141,0.125
0.1,142,0.1493
0.1,143,0.1741
0.1,144,0.199
0.1,145,0.2241
0.1,146,0.2492
0.1,147,0.2659
0.1,148,0.2908
0.1,149,0.3154
0.1,150,0.3398
0.1,151,0.3636
0.1,152,0.387
0.1,153,0.4096
0.1,154,0.4315
0.1,155,0.4525
0.1,156,0.4659
0.1,157,0.4853
0.1,158,0.5033
0.1,159,0.5202
0.1,160,0.5357
0.1,161,0.5498
0.1,162,0.5623
0.1,163,0.5731
0.1,164,0.5823
0.1,165,0.5897
0.1,166,0.5935
0.1,167,0.5978
0.1,168,0.6
0.1,169,0.6034
0.1,170,0.6116
0.1,171,0.6247
0.1,172,0.6436
0.1,173,0.663
0.1,174,0.6802
0.1,175,0.695
0.1,176,0.7035
0.1,177,0.7141
0.1,178,0.722
0.1,179,0.7272
0.1,180,0.7296
0.1,181,0.7291
0.1,182,0.7256
0.1,183,0.7192
0.1,184,0.7133
0.1,185,0.7019
0.1,186,0.6875
0.1,187,0.6701
0.1,188,0.6498
0.1,189,0.6266
0.1,190,0.6005
0.1,191,0.5718
0.1,192,0.5404
0.1,193,0.5065
0.1,194,0.4703
0.1,195,0.4319
0.1,196,0.3914
0.1,197,0.3491
0.1,198,0.3052
0.1,199,0.2599
0.1,200,0.2135
0.1,201,0.1661
0.1,202,0.118
0.1,203,0.0731
0.1,204,0.0388
0.1,205,0.013
0.1,206,-0.0037
0.1,207,-0.014
0.1,208,-0.0288
0.1,209,-0.0426
0.1,210,-0.0553
0.1,211,-0.0669
0.1,212,-0.0739
0.1,213,-0.0833
0.1,214,-0.0912
0.1,215,-0.0976
0.1,216,-0.1023
0.1,217,-0.1054
0.1,218,-0.1065
0.1,219,-0.1066
0.1,220,-0.1049
0.1,221,-0.1014
0.1,222,-0.0959
0.1,223,-0.0886
0.1,224,-0.0794
0.1,225,-0.0684
0.1,226,-0.0555
0.1,227,-0.0408
0.1,228,-0.0245
0.1,229,-0.0064
0.1,230,0.0132
0.1,231,0.0343
0.1,232,0.0491
0.1,233,0.0724
0.1,234,0.0968
0.1,235,0.1222
0.1,236,0.1565
0.1,237,0.2001
0.1,238,0.2545
0.1,239,0.2946
0.1,240,0.3548
0.1,241,0.4147
0.1,242,0.474
0.1,243,0.5321
0.1,244,0.5888
0.1,245,0.6435
0.1,246,0.6959
0.1,247,0.7454
0.1,248,0.7918
0.1,249,0.8345
0.1,250,0.8733
0.1,251,0.8966
0.1,252,0.9366
0.1,253,0.9532
0.1,254,0.9733
0.1,255,0.9876
0.1,256,0.9958
0.1,257,0.9977
0.1,258,0.9932
0.1,259,0.9821
0.1,260,0.9646
0.1,261,0.9405
0.1,262,0.9209
0.1,263,0.8861
0.1,264,0.8301
0.1,265,0.7981
0.1,266,0.7454
0.1,267,0.6873
0.1,268,0.6242
0.1,269,0.5596
0.1,270,0.5115
0.1,271,0.4694
0.1,272,0.4467
0.1,273,0.4219
0.1,274,0.4037
0.1,275,0.3741
0.1,276,0.342
0.1,277,0.3076
0.1,278,0.2711
0.1,279,0.2329
0.1,280,0.1932
0.1,281,0.1523
0.1,282,0.1105
0.1,283,0.0681
0.1,284,0.0256
0.1,285,-0.0168
0.1,286,-0.0586
0.1,287,-0.0861
0.1,288,-0.1262
0.1,289,-0.1648
0.1,290,-0.2016
0.1,291,-0.2361
0.1,292,-0.2681
0.1,293,-0.2971
0.1,294,-0.3147
0.1,295,-0.3442
0.1,296,-0.3522
0.1,297,-0.3501
0.1,298,-0.3361
0.1,299,-0.3101
0.1,300,-0.2941
0.1,301,-0.2665
0.1,302,-0.2346
0.1,303,-0.1984
0.1,304,-0.1581
0.1,305,-0.114
0.1,306,-0.0663
0.1,307,-0.0153
0.1,308,0.0387
0.1,309,0.0953
0.1,310,0.1541
0.1,311,0.2147
0.1,312,0.2765
0.1,313,0.3182
0.1,314,0.381
0.1,315,0.4435
0.1,316,0.5054
0.1,317,0.5661
0.1,318,0.6056
0.1,319,0.7146
0.1,320,0.7792
0.1,321,0.8886
0.1,322,0.9973
0.1,323,1.1007
0.1,324,1.1979
0.1,325,1.2879
0.1,326,1.3434
0.1,327,1.419
0.1,328,1.485
0.1,329,1.5405
0.1,330,1.5849
0.1,331,1.6174
0.1,332,1.6375
0.1,333,1.6446
0.1,334,1.6382
0.1,335,1.6182
0.1,336,1.5843
0.1,337,1.5364
0.1,338,1.4745
0.1,339,1.399
0.1,340,1.31
0.1,341,1.208
0.1,342,1.0938
0.1,343,0.9681
0.1,344,0.8317
0.1,345,0.6857
0.1,346,0.5311
0.1,347,0.369
0.1,348,0.2005
0.1,349,0.027
0.1,350,-0.0907
0.1,351,-0.2669
0.1,352,-0.4088
0.1,353,-0.5084
0.1,354,-0.5974
0.1,355,-0.6827
0.1,356,-0.7633
0.1,357,-0.8379
0.1,358,-0.8839
0.1,359,-0.9648
0.1,360,-0.9994
0.1,361,-1.0431
0.1,362,-1.0763
0.1,363,-1.0982
0.1,364,-1.1083
0.1,365,-1.1063
0.1,366,-1.0917
0.1,367,-1.0644
0.1,368,-1.0244
0.1,369,-0.9631
0.1,370,-0.8583
0.1,371,-0.7311
0.1,372,-0.5922
0.1,373,-0.4426
0.1,374,-0.283
0.1,375,-0.1146
0.1,376,0.0614
0.1,377,0.2436
0.1,378,0.4306
0.1,379,0.6206
0.1,380,0.8121
0.1,381,1.003
0.1,382,1.1914
0.1,383,1.3754
0.1,384,1.5531
0.1,385,1.7245
0.1,386,1.9272
0.1,387,2.1543
0.1,388,2.3101
0.1,389,2.6036
0.1,390,2.7384
0.1,391,2.923
0.1,392,3.0844
0.1,393,3.2208
0.1,394,3.33
0.1,395,3.4099
0.1,396,3.459
0.1,397,3.4757
0.1,398,3.4465
0.1,399,3.3849
0.1,400,3.2892
0.2,1,3.1597
0.2,2,3.1597
0.2,3,0.7598
0.2,4,0.7598
0.2,5,0.7598
0.2,6,0.7598
0.2,7,0.7598
0.2,8,0.7598
0.2,9,0.7596
0.2,10,0.7593
0.2,11,0.7589
0.2,12,0.7586
0.2,13,0.7581
0.2,14,0.7576
0.2,15,0.7569
0.2,16,0.7561
0.2,17,0.7552
0.2,18,0.7542
0.2,19,0.7531
0.2,20,0.7523
0.2,21,0.751
0.2,22,0.7495
0.2,23,0.7472
0.2,24,0.7453
0.2,25,0.7439
0.2,26,0.7416
0.2,27,0.739
0.2,28,0.7362
0.2,29,0.733
0.2,30,0.7295
0.2,31,0.7256
0.2,32,0.7213
0.2,33,0.7167
0.2,34,0.7115
0.2,35,0.7058
0.2,36,0.6997
0.2,37,0.6931
0.2,38,0.6884
0.2,39,0.6809
0.2,40,0.6701
0.2,41,0.6642
0.2,42,0.655
0.2,43,0.6452
0.2,44,0.6347
0.2,45,0.6236
0.2,46,0.6118
0.2,47,0.5993
0.2,48,0.5861
0.2,49,0.5722
0.2,50,0.5575
0.2,51,0.5473
0.2,52,0.5314
0.2,53,0.515
0.2,54,0.5001
0.2,55,0.4885
0.2,56,0.4843
0.2,57,0.4695
0.2,58,0.4525
0.2,59,0.4381
0.2,60,0.4253
0.2,61,0.4134
0.2,62,0.4019
0.2,63,0.3901
0.2,64,0.3777
0.2,65,0.3647
0.2,66,0.3557
0.2,67,0.3417
0.2,68,0.327
0.2,69,0.3117
0.2,70,0.2959
0.2,71,0.2794
0.2,72,0.2623
0.2,73,0.2447
0.2,74,0.2327
0.2,75,0.2143
0.2,76,0.1954
0.2,77,0.1761
0.2,78,0.1564
0.2,79,0.1364
0.2,80,0.116
0.2,81,0.0954
0.2,82,0.0746
0.2,83,0.0537
0.2,84,0.0329
0.2,85,0.019
0.2,86,-0.0015
0.2,87,-0.0221
0.2,88,-0.0423
0.2,89,-0.0625
0.2,90,-0.0822
0.2,91,-0.1015
0.2,92,-0.1202
0.2,93,-0.1323
0.2,94,-0.15
0.2,95,-0.1667
0.2,96,-0.1828
0.2,97,-0.1978
0.2,98,-0.212
0.2,99,-0.2249
0.2,100,-0.2369
0.2,101,-0.2474
0.2,102,-0.2537
0.2,103,-0.2621
0.2,104,-0.2688
0.2,105,-0.2742
0.2,106,-0.2779
0.2,107,-0.2799
0.2,108,-0.2802
0.2,109,-0.2788
0.2,110,-0.2756
0.2,111,-0.2724
0.2,112,-0.2661
0.2,113,-0.2581
0.2,114,-0.2482
0.2,115,-0.2365
0.2,116,-0.2228
0.2,117,-0.2076
0.2,118,-0.1905
0.2,119,-0.1718
0.2,120,-0.1584
0.2,121,-0.1371
0.2,122,-0.0901
0.2,123,-0.0626
0.2,124,-0.0292
0.2,125,-0.0057
0.2,126,0.0386
0.2,127,0.0864
0.2,128,0.1379
0.2,129,0.1902
0.2,130,0.2418
0.2,131,0.2761
0.2,132,0.3434
0.2,133,0.3763
0.2,134,0.4244
0.2,135,0.4703
0.2,136,0.5143
0.2,137,0.5555
0.2,138,0.594
0.2,139,0.629
0.2,140,0.6606
0.2,141,0.7042
0.2,142,0.7248
0.2,143,0.7407
0.2,144,0.7518
0.2,145,0.7579
0.2,146,0.7587
0.2,147,0.7543
0.2,148,0.7444
0.2,149,0.7291
0.2,150,0.7083
0.2,151,0.6823
0.2,152,0.6507
0.2,153,0.6142
0.2,154,0.5725
0.2,155,0.5264
0.2,156,0.4755
0.2,157,0.4208
0.2,158,0.362
0.2,159,0.3211
0.2,160,0.2575
0.2,161,0.1912
0.2,162,0.1232
0.2,163,0.0535
0.2,164,-0.0167
0.2,165,-0.0873
0.2,166,-0.1573
0.2,167,-0.2261
0.2,168,-0.2686
0.2,169,-0.3243
0.2,170,-0.3695
0.2,171,-0.4032
0.2,172,-0.4303
0.2,173,-0.4527
0.2,174,-0.4703
0.2,175,-0.4826
0.2,176,-0.4894
0.2,177,-0.4905
0.2,178,-0.4857
0.2,179,-0.4749
0.2,180,-0.4643
0.2,181,-0.4435
0.2,182,-0.4167
0.2,183,-0.384
0.2,184,-0.3457
0.2,185,-0.3018
0.2,186,-0.253
0.2,187,-0.1992
0.2,188,-0.1413
0.2,189,-0.1006
0.2,190,-0.0367
0.2,191,0.0525
0.2,192,0.0987
0.2,193,0.1925
0.2,194,0.2636
0.2,195,0.3345
0.2,196,0.4042
0.2,197,0.472
0.2,198,0.5368
0.2,199,0.5781
0.2,200,0.6362
0.2,201,0.689
0.2,202,0.739
0.2,203,0.7918
0.2,204,0.8469
0.2,205,0.9021
0.2,206,0.9497
0.2,207,0.9876
0.2,208,1.0151
0.2,209,1.0317
0.2,210,1.0369
0.2,211,1.0304
0.2,212,1.0118
0.2,213,0.9812
0.2,214,0.9386
0.2,215,0.8842
0.2,216,0.8185
0.2,217,0.7419
0.2,218,0.6852
0.2,219,0.5922
0.2,220,0.4903
0.2,221,0.3804
0.2,222,0.2635
0.2,223,0.141
0.2,224,0.0143
0.2,225,-0.1152
0.2,226,-0.2459
0.2,227,-0.376
0.2,228,-0.5039
0.2,229,-0.6277
0.2,230,-0.7456
0.2,231,-0.8559
0.2,232,-0.9568
0.2,233,-1.0463
0.2,234,-1.1199
0.2,235,-1.1655
0.2,236,-1.1859
0.2,237,-1.1903
0.2,238,-1.1655
0.2,239,-1.141
0.2,240,-1.0892
0.2,241,-1.0194
0.2,242,-0.9321
0.2,243,-0.828
0.2,244,-0.708
0.2,245,-0.6197
0.2,246,-0.4762
0.2,247,-0.3203
0.2,248,-0.1536
0.2,249,0.0219
0.2,250,0.2042
0.2,251,0.3909
0.2,252,0.5794
0.2,253,0.7671
0.2,254,0.951
0.2,255,1.1284
0.2,256,1.2965
0.2,257,1.4524
0.2,258,1.5933
0.2,259,1.7165
0.2,260,1.8195
0.2,261,1.9001
0.2,262,1.9561
0.2,263,1.9858
0.2,264,1.9878
0.2,265,1.9612
0.2,266,1.9272
0.2,267,1.8519
0.2,268,1.7518
0.2,269,1.6419
0.2,270,1.5163
0.2,271,1.3847
0.2,272,1.2296
0.2,273,1.0513
0.2,274,0.8519
0.2,275,0.6337
0.2,276,0.3994
0.2,277,0.1519
0.2,278,-0.1053
0.2,279,-0.3689
0.2,280,-0.635
0.2,281,-0.8996
0.2,282,-1.1583
0.2,283,-1.4071
0.2,284,-1.5653
0.2,285,-1.7872
0.2,286,-1.9874
0.2,287,-2.1622
0.2,288,-2.3077
0.2,289,-2.4203
0.2,290,-2.4964
0.2,291,-2.5335
0.2,292,-2.5297
0.2,293,-2.4838
0.2,294,-2.3952
0.2,295,-2.2619
0.2,296,-2.1097
0.2,297,-1.8433
0.2,298,-1.5691
0.2,299,-1.2606
0.2,300,-0.9217
0.2,301,-0.5565
0.2,302,-0.1696
0.2,303,0.2343
0.2,304,0.6495
0.2,305,1.0701
0.2,306,1.49
0.2,307,1.9035
0.2,308,2.3046
0.2,309,2.6852
0.2,310,2.9239
0.2,311,3.2538
0.2,312,3.5386
0.2,313,3.7657
0.2,314,3.935
0.2,315,4.0492
0.2,316,4.1081
0.2,317,4.1072
0.2,318,4.0439
0.2,319,3.9171
0.2,320,3.7463
0.2,321,3.5437
0.2,322,3.3017
0.2,323,2.9409
0.2,324,2.7052
0.2,325,2.3164
0.2,326,1.8886
0.2,327,1.4259
0.2,328,0.9332
0.2,329,0.4164
0.2,330,-0.119
0.2,331,-0.6665
0.2,332,-1.2193
0.2,333,-1.7709
0.2,334,-2.1345
0.2,335,-2.8371
0.2,336,-3.1733
0.2,337,-3.6369
0.2,338,-4.0526
0.2,339,-4.4518
0.2,340,-4.9749
0.2,341,-5.2496
0.2,342,-5.3928
0.2,343,-5.5508
0.2,344,-5.6498
0.2,345,-5.694
0.2,346,-5.702
0.2,347,-5.6736
0.2,348,-5.5824
0.2,349,-5.4396
0.2,350,-5.2922
0.2,351,-5.1588
0.2,352,-5.0472
0.2,353,-4.95
0.2,354,-4.8829
0.2,355,-4.8437
0.2,356,-4.8279
0.2,357,-4.828
0.2,358,-4.8366
0.2,359,-4.8426
0.2,360,-4.8505
0.2,361,-4.8707
0.2,362,-4.8974
0.2,363,-4.8963
0.2,364,-4.8869
0.2,365,-4.878
0.2,366,-4.8746
0.2,367,-4.873
0.2,368,-4.8754
0.2,369,-4.8773
0.2,370,-4.8774
0.2,371,-4.8768
0.2,372,-4.8763
0.2,373,-4.8761
0.2,374,-4.8761
0.2,375,-4.8762
0.2,376,-4.8763
0.2,377,-4.8763
0.2,378,-4.8763
0.2,379,-4.8763
0.2,380,-4.8763
0.2,381,-4.8762
0.2,382,-4.8762
0.2,383,-4.8763
0.2,384,-4.8763
0.2,385,-4.8763
0.2,386,-4.8762
0.2,387,-4.8762
0.2,388,-4.8762
0.2,389,-4.8763
0.2,390,-4.8763
0.2,391,-4.8763
0.2,392,-4.8763
0.2,393,-4.8763
0.2,394,-4.8763
0.2,395,-4.8763
0.2,396,-4.8763
0.2,397,-4.8763
0.2,398,-4.8763
0.2,399,-4.8763
0.2,400,-4.8763
0.3,1,-4.8763
0.3,2,-4.8763
0.3,3,0.7598
0.3,4,0.7598
0.3,5,0.7598
0.3,6,0.7598
0.3,7,0.7598
0.3,8,0.7597
0.3,9,0.7594
0.3,10,0.7591
0.3,11,0.7585
0.3,12,0.7579
0.3,13,0.7572
0.3,14,0.7562
0.3,15,0.7552
0.3,16,0.7544
0.3,17,0.7531
0.3,18,0.7516
0.3,19,0.7499
0.3,20,0.7481
0.3,21,0.746
0.3,22,0.7437
0.3,23,0.742
0.3,24,0.7393
0.3,25,0.7363
0.3,26,0.733
0.3,27,0.7293
0.3,28,0.7252
0.3,29,0.7207
0.3,30,0.7157
0.3,31,0.7121
0.3,32,0.7062
0.3,33,0.6997
0.3,34,0.6925
0.3,35,0.6847
0.3,36,0.6762
0.3,37,0.6702
0.3,38,0.6605
0.3,39,0.6501
0.3,40,0.6389
0.3,41,0.6269
0.3,42,0.614
0.3,43,0.6004
0.3,44,0.5908
0.3,45,0.5757
0.3,46,0.5597
0.3,47,0.5427
0.3,48,0.5248
0.3,49,0.506
0.3,50,0.4862
0.3,51,0.4654
0.3,52,0.4437
0.3,53,0.4212
0.3,54,0.4002
0.3,55,0.3828
0.3,56,0.3737
0.3,57,0.3463
0.3,58,0.3299
0.3,59,0.3078
0.3,60,0.2877
0.3,61,0.2688
0.3,62,0.2503
0.3,63,0.2316
0.3,64,0.2188
0.3,65,0.1991
0.3,66,0.1789
0.3,67,0.1582
0.3,68,0.137
0.3,69,0.1154
0.3,70,0.0935
0.3,71,0.0788
0.3,72,0.0565
0.3,73,0.0341
0.3,74,0.0115
0.3,75,-0.011
0.3,76,-0.0334
0.3,77,-0.0556
0.3,78,-0.0703
0.3,79,-0.0919
0.3,80,-0.113
0.3,81,-0.1336
0.3,82,-0.1535
0.3,83,-0.1726
0.3,84,-0.1847
0.3,85,-0.2021
0.3,86,-0.2183
0.3,87,-0.2334
0.3,88,-0.2469
0.3,89,-0.2592
0.3,90,-0.2664
0.3,91,-0.276
0.3,92,-0.2841
0.3,93,-0.2904
0.3,94,-0.2948
0.3,95,-0.2973
0.3,96,-0.2979
0.3,97,-0.2971
0.3,98,-0.2941
0.3,99,-0.2891
0.3,100,-0.282
0.3,101,-0.276
0.3,102,-0.2653
0.3,103,-0.2526
0.3,104,-0.2376
0.3,105,-0.2208
0.3,106,-0.2019
0.3,107,-0.1812
0.3,108,-0.1585
0.3,109,-0.1344
0.3,110,-0.1085
0.3,111,-0.0815
0.3,112,-0.053
0.3,113,-0.0336
0.3,114,-0.0039
0.3,115,0.0267
0.3,116,0.0575
0.3,117,0.0888
0.3,118,0.1096
0.3,119,0.1403
0.3,120,0.1707
0.3,121,0.2002
0.3,122,0.229
0.3,123,0.2563
0.3,124,0.2824
0.3,125,0.3099
0.3,126,0.3298
0.3,127,0.3613
0.3,128,0.3946
0.3,129,0.4299
0.3,130,0.4642
0.3,131,0.4951
0.3,132,0.5219
0.3,133,0.5445
0.3,134,0.5623
0.3,135,0.5751
0.3,136,0.5808
0.3,137,0.5849
0.3,138,0.5832
0.3,139,0.5761
0.3,140,0.5632
0.3,141,0.5372
0.3,142,0.5112
0.3,143,0.4908
0.3,144,0.4557
0.3,145,0.416
0.3,146,0.3713
0.3,147,0.3226
0.3,148,0.2696
0.3,149,0.2137
0.3,150,0.1547
0.3,151,0.094
0.3,152,0.0314
0.3,153,-0.0106
0.3,154,-0.0732
0.3,155,-0.1355
0.3,156,-0.1962
0.3,157,-0.255
0.3,158,-0.3105
0.3,159,-0.3625
0.3,160,-0.4097
0.3,161,-0.4517
0.3,162,-0.4877
0.3,163,-0.517
0.3,164,-0.539
0.3,165,-0.5532
0.3,166,-0.5594
0.3,167,-0.557
0.3,168,-0.546
0.3,169,-0.5261
0.3,170,-0.495
0.3,171,-0.4497
0.3,172,-0.4081
0.3,173,-0.3355
0.3,174,-0.2502
0.3,175,-0.1588
0.3,176,-0.0617
0.3,177,0.0392
0.3,178,0.1431
0.3,179,0.2479
0.3,180,0.3527
0.3,181,0.4554
0.3,182,0.5547
0.3,183,0.6487
0.3,184,0.7359
0.3,185,0.7894
0.3,186,0.861
0.3,187,0.9213
0.3,188,0.9692
0.3,189,1.0036
0.3,190,1.0233
0.3,191,1.0256
0.3,192,1.0162
0.3,193,0.9882
0.3,194,0.9441
0.3,195,0.8837
0.3,196,0.8081
0.3,197,0.7176
0.3,198,0.6138
0.3,199,0.4973
0.3,200,0.4136
0.3,201,0.2808
0.3,202,0.1401
0.3,203,-0.0063
0.3,204,-0.1562
0.3,205,-0.3011
0.3,206,-0.4349
0.3,207,-0.5545
0.3,208,-0.6618
0.3,209,-0.7598
0.3,210,-0.8464
0.3,211,-0.9197
0.3,212,-0.9775
0.3,213,-1.0065
0.3,214,-1.0346
0.3,215,-1.0434
0.3,216,-1.0319
0.3,217,-0.9998
0.3,218,-0.9468
0.3,219,-0.8732
0.3,220,-0.8131
0.3,221,-0.7073
0.3,222,-0.5835
0.3,223,-0.4432
0.3,224,-0.2884
0.3,225,-0.1212
0.3,226,0.0556
0.3,227,0.2391
0.3,228,0.426
0.3,229,0.6129
0.3,230,0.7958
0.3,231,0.9711
0.3,232,1.1351
0.3,233,1.2842
0.3,234,1.4146
0.3,235,1.4893
0.3,236,1.5801
0.3,237,1.6436
0.3,238,1.6836
0.3,239,1.7016
0.3,240,1.6966
0.3,241,1.6648
0.3,242,1.5997
0.3,243,1.5009
0.3,244,1.3693
0.3,245,1.2064
0.3,246,1.0144
0.3,247,0.796
0.3,248,0.5546
0.3,249,0.2938
0.3,250,0.1116
0.3,251,-0.1695
0.3,252,-0.4566
0.3,253,-0.7446
0.3,254,-1.0274
0.3,255,-1.2992
0.3,256,-1.5544
0.3,257,-1.7868
0.3,258,-1.9903
0.3,259,-2.1593
0.3,260,-2.2886
0.3,261,-2.3735
0.3,262,-2.4106
0.3,263,-2.3971
0.3,264,-2.3318
0.3,265,-2.2594
0.3,266,-2.1085
0.3,267,-1.9081
0.3,268,-1.5686
0.3,269,-1.3699
0.3,270,-0.9246
0.3,271,-0.68
0.3,272,-0.1584
0.3,273,0.2587
0.3,274,0.5486
0.3,275,0.9966
0.3,276,1.601
0.3,277,2.0576
0.3,278,2.4929
0.3,279,2.7659
0.3,280,3.1407
0.3,281,3.453
0.3,282,3.6986
0.3,283,3.9272
0.3,284,4.0213
0.3,285,4.0548
0.3,286,4.0297
0.3,287,3.9403
0.3,288,3.7867
0.3,289,3.6617
0.3,290,3.4009
0.3,291,3.0664
0.3,292,2.6751
0.3,293,2.2346
0.3,294,1.7521
0.3,295,1.2341
0.3,296,0.8727
0.3,297,0.3139
0.3,298,-0.2606
0.3,299,-0.8443
0.3,300,-1.4293
0.3,301,-1.8164
0.3,302,-2.3845
0.3,303,-3.0502
0.3,304,-3.542
0.3,305,-3.9705
0.3,306,-4.3644
0.3,307,-4.7513
0.3,308,-5.073
0.3,309,-5.3541
0.3,310,-5.4515
0.3,311,-5.6135
0.3,312,-5.7198
0.3,313,-5.7778
0.3,314,-5.7944
0.3,315,-5.8021
0.3,316,-5.6868
0.3,317,-5.5718
0.3,318,-5.4591
0.3,319,-5.3497
0.3,320,-5.2574
0.3,321,-5.187
0.3,322,-5.1385
0.3,323,-5.1115
0.3,324,-5.0885
0.3,325,-5.0867
0.3,326,-5.0864
0.3,327,-5.0844
0.3,328,-5.0828
0.3,329,-5.0829
0.3,330,-5.0849
0.3,331,-5.0887
0.3,332,-5.0931
0.3,333,-5.1058
0.3,334,-5.1389
0.3,335,-5.158
0.3,336,-5.1583
0.3,337,-5.1461
0.3,338,-5.1303
0.3,339,-5.1175
0.3,340,-5.1137
0.3,341,-5.1109
0.3,342,-5.1113
0.3,343,-5.1149
0.3,344,-5.1207
0.3,345,-5.1232
0.3,346,-5.1222
0.3,347,-5.1204
0.3,348,-5.1196
0.3,349,-5.1198
0.3,350,-5.1206
0.3,351,-5.1211
0.3,352,-5.1207
0.3,353,-5.1209
0.3,354,-5.1208
0.3,355,-5.1208
0.3,356,-5.1208
0.3,357,-5.1209
0.3,358,-5.1208
0.3,359,-5.1209
0.3,360,-5.1208
0.3,361,-5.1208
0.3,362,-5.1208
0.3,363,-5.1209
0.3,364,-5.1208
0.3,365,-5.1208
0.3,366,-5.1208
0.3,367,-5.1209
0.3,368,-5.1208
0.3,369,-5.1208
0.3,370,-5.1208
0.3,371,-5.1209
0.3,372,-5.1208
0.3,373,-5.1209
0.3,374,-5.1208
0.3,375,-5.1208
0.3,376,-5.1209
0.3,377,-5.1208
0.3,378,-5.1209
0.3,379,-5.1208
0.3,380,-5.1209
0.3,381,-5.1208
0.3,382,-5.1209
0.3,383,-5.1209
0.3,384,-5.1208
0.3,385,-5.1209
0.3,386,-5.1208
0.3,387,-5.1209
0.3,388,-5.1208
0.3,389,-5.1208
0.3,390,-5.1209
0.3,391,-5.1208
0.3,392,-5.1208
0.3,393,-5.1209
0.3,394,-5.1209
0.3,395,-5.1208
0.3,396,-5.1209
0.3,397,-5.1208
0.3,398,-5.1208
0.3,399,-5.1209
0.3,400,-5.1208
0.4,1,-5.1209
0.4,2,-5.1209
0.4,3,0.7598
0.4,4,0.7598
0.4,5,0.7598
0.4,6,0.7598
0.4,7,0.7598
0.4,8,0.7597
0.4,9,0.7593
0.4,10,0.7586
0.4,11,0.7581
0.4,12,0.7572
0.4,13,0.7562
0.4,14,0.755
0.4,15,0.7536
0.4,16,0.7522
0.4,17,0.751
0.4,18,0.7492
0.4,19,0.7469
0.4,20,0.7444
0.4,21,0.7416
0.4,22,0.7395
0.4,23,0.736
0.4,24,0.7322
0.4,25,0.7279
0.4,26,0.7231
0.4,27,0.7177
0.4,28,0.7118
0.4,29,0.7076
0.4,30,0.7007
0.4,31,0.6931
0.4,32,0.6847
0.4,33,0.6754
0.4,34,0.6653
0.4,35,0.6544
0.4,36,0.6466
0.4,37,0.6342
0.4,38,0.6208
0.4,39,0.6065
0.4,40,0.5911
0.4,41,0.5748
0.4,42,0.5574
0.4,43,0.5389
0.4,44,0.5194
0.4,45,0.5058
0.4,46,0.4845
0.4,47,0.462
0.4,48,0.4385
0.4,49,0.4138
0.4,50,0.3881
0.4,51,0.3703
0.4,52,0.3429
0.4,53,0.3075
0.4,54,0.2919
0.4,55,0.2761
0.4,56,0.2535
0.4,57,0.2209
0.4,58,0.192
0.4,59,0.166
0.4,60,0.1498
0.4,61,0.1266
0.4,62,0.1037
0.4,63,0.0805
0.4,64,0.0569
0.4,65,0.0332
0.4,66,0.0094
0.4,67,-0.0065
0.4,68,-0.0301
0.4,69,-0.0614
0.4,70,-0.0769
0.4,71,-0.0998
0.4,72,-0.1221
0.4,73,-0.1437
0.4,74,-0.1646
0.4,75,-0.1846
0.4,76,-0.2034
0.4,77,-0.2211
0.4,78,-0.2375
0.4,79,-0.2476
0.4,80,-0.2614
0.4,81,-0.2735
0.4,82,-0.2838
0.4,83,-0.2922
0.4,84,-0.2986
0.4,85,-0.303
0.4,86,-0.3052
0.4,87,-0.3054
0.4,88,-0.3039
0.4,89,-0.3
0.4,90,-0.2937
0.4,91,-0.285
0.4,92,-0.2739
0.4,93,-0.2605
0.4,94,-0.2503
0.4,95,-0.2332
0.4,96,-0.214
0.4,97,-0.1927
0.4,98,-0.1695
0.4,99,-0.1444
0.4,100,-0.1177
0.4,101,-0.0895
0.4,102,-0.0602
0.4,103,-0.0297
0.4,104,-0.009
0.4,105,0.0222
0.4,106,0.0539
0.4,107,0.0854
0.4,108,0.1168
0.4,109,0.1474
0.4,110,0.1774
0.4,111,0.2059
0.4,112,0.233
0.4,113,0.258
0.4,114,0.2811
0.4,115,0.3016
0.4,116,0.3195
0.4,117,0.3342
0.4,118,0.346
0.4,119,0.3541
0.4,120,0.3588
0.4,121,0.3597
0.4,122,0.3573
0.4,123,0.3547
0.4,124,0.3534
0.4,125,0.3519
0.4,126,0.3512
0.4,127,0.3513
0.4,128,0.3493
0.4,129,0.3434
0.4,130,0.3334
0.4,131,0.3195
0.4,132,0.3016
0.4,133,0.28
0.4,134,0.2636
0.4,135,0.2363
0.4,136,0.206
0.4,137,0.1728
0.4,138,0.1373
0.4,139,0.0998
0.4,140,0.061
0.4,141,0.0212
0.4,142,-0.0187
0.4,143,-0.0453
0.4,144,-0.0842
0.4,145,-0.1217
0.4,146,-0.1573
0.4,147,-0.1904
0.4,148,-0.2203
0.4,149,-0.2465
0.4,150,-0.2616
0.4,151,-0.2803
0.4,152,-0.2939
0.4,153,-0.3022
0.4,154,-0.3047
0.4,155,-0.3032
0.4,156,-0.296
0.4,157,-0.2826
0.4,158,-0.2633
0.4,159,-0.2381
0.4,160,-0.2074
0.4,161,-0.1713
0.4,162,-0.1446
0.4,163,-0.1013
0.4,164,-0.0541
0.4,165,-0.004
0.4,166,0.0485
0.4,167,0.1022
0.4,168,0.1382
0.4,169,0.2134
0.4,170,0.2551
0.4,171,0.3198
0.4,172,0.3889
0.4,173,0.4573
0.4,174,0.5194
0.4,175,0.574
0.4,176,0.6194
0.4,177,0.6545
0.4,178,0.6783
0.4,179,0.6898
0.4,180,0.6884
0.4,181,0.6737
0.4,182,0.6564
0.4,183,0.6193
0.4,184,0.5691
0.4,185,0.5061
0.4,186,0.4314
0.4,187,0.3458
0.4,188,0.2509
0.4,189,0.148
0.4,190,0.0394
0.4,191,-0.0732
0.4,192,-0.1872
0.4,193,-0.3003
0.4,194,-0.4097
0.4,195,-0.5132
0.4,196,-0.6079
0.4,197,-0.6914
0.4,198,-0.7396
0.4,199,-0.7985
0.4,200,-0.8402
0.4,201,-0.8631
0.4,202,-0.8659
0.4,203,-0.8471
0.4,204,-0.8182
0.4,205,-0.749
0.4,206,-0.6489
0.4,207,-0.5235
0.4,208,-0.3801
0.4,209,-0.2211
0.4,210,-0.0496
0.4,211,0.1311
0.4,212,0.317
0.4,213,0.5039
0.4,214,0.6268
0.4,215,0.8037
0.4,216,0.9686
0.4,217,1.1178
0.4,218,1.2468
0.4,219,1.3514
0.4,220,1.4277
0.4,221,1.4725
0.4,222,1.4836
0.4,223,1.4592
0.4,224,1.3987
0.4,225,1.3022
0.4,226,1.1708
0.4,227,1.0063
0.4,228,0.8114
0.4,229,0.5898
0.4,230,0.3455
0.4,231,0.1727
0.4,232,-0.0959
0.4,233,-0.3718
0.4,234,-0.6493
0.4,235,-0.9214
0.4,236,-1.0959
0.4,237,-1.3403
0.4,238,-1.6419
0.4,239,-1.7262
0.4,240,-1.8499
0.4,241,-1.9247
0.4,242,-1.9522
0.4,243,-1.9297
0.4,244,-1.856
0.4,245,-1.7314
0.4,246,-1.5577
0.4,247,-1.3376
0.4,248,-1.0751
0.4,249,-0.7755
0.4,250,-0.4446
0.4,251,-0.2101
0.4,252,0.1554
0.4,253,0.5321
0.4,254,0.9119
0.4,255,1.286
0.4,256,1.646
0.4,257,1.9831
0.4,258,2.2873
0.4,259,2.5478
0.4,260,2.7567
0.4,261,2.9075
0.4,262,2.974
0.4,263,3.0216
0.4,264,3.0061
0.4,265,2.9277
0.4,266,2.7873
0.4,267,2.5858
0.4,268,2.3243
0.4,269,2.1178
0.4,270,1.7643
0.4,271,1.3638
0.4,272,0.9239
0.4,273,0.4534
0.4,274,-0.0393
0.4,275,-0.5457
0.4,276,-1.0563
0.4,277,-2.0918
0.4,278,-2.0195
0.4,279,-2.3458
0.4,280,-2.7625
0.4,281,-3.1249
0.4,282,-3.4331
0.4,283,-3.67
0.4,284,-3.8383
0.4,285,-3.9283
0.4,286,-4.0412
0.4,287,-4.1425
0.4,288,-4.1534
0.4,289,-4.1068
0.4,290,-3.9889
0.4,291,-3.8121
0.4,292,-3.5773
0.4,293,-3.3868
0.4,294,-3.0578
0.4,295,-2.6771
0.4,296,-2.1012
0.4,297,-1.6235
0.4,298,-1.111
0.4,299,-0.573
0.4,300,-0.0147
0.4,301,0.5547
0.4,302,1.1289
0.4,303,1.6999
0.4,304,2.2617
0.4,305,2.804
0.4,306,3.1518
0.4,307,3.6332
0.4,308,4.0251
0.4,309,4.432
0.4,310,4.8239
0.4,311,5.1893
0.4,312,5.5209
0.4,313,5.8045
0.4,314,6.0719
0.4,315,6.3334
0.4,316,6.5861
0.4,317,7.0101
0.4,318,7.0546
0.4,319,7.1437
0.4,320,7.2784
0.4,321,7.3154
0.4,322,7.3366
0.4,323,7.3842
0.4,324,7.3659
0.4,325,7.3041
0.4,326,7.2233
0.4,327,7.1697
0.4,328,7.0991
0.4,329,7.0216
0.4,330,6.9395
0.4,331,6.8288
0.4,332,6.7713
0.4,333,6.6699
0.4,334,6.5299
0.4,335,6.3545
0.4,336,6.1579
0.4,337,5.9918
0.4,338,5.8637
0.4,339,5.7807
0.4,340,5.6613
0.4,341,5.5463
0.4,342,5.4377
0.4,343,5.3338
0.4,344,5.2309
0.4,345,5.1281
0.4,346,5.0211
0.4,347,4.9141
0.4,348,4.8029
0.4,349,4.7182
0.4,350,4.572
0.4,351,4.4052
0.4,352,4.2281
0.4,353,4.056
0.4,354,3.9035
0.4,355,3.7482
0.4,356,3.5895
0.4,357,3.4295
0.4,358,3.2681
0.4,359,3.1571
0.4,360,2.964
0.4,361,2.7488
0.4,362,2.5161
0.4,363,2.2756
0.4,364,2.028
0.4,365,1.8594
0.4,366,1.6014
0.4,367,1.3376
0.4,368,1.0685
0.4,369,0.7945
0.4,370,0.5162
0.4,371,0.234
0.4,372,0.044
0.4,373,-0.2428
0.4,374,-0.6258
0.4,375,-0.8182
0.4,376,-1.1068
0.4,377,-1.3911
0.4,378,-1.6766
0.4,379,-1.9557
0.4,380,-2.58
0.4,381,-2.8295
0.4,382,-3.0655
0.4,383,-3.2862
0.4,384,-3.4929
0.4,385,-3.6797
0.4,386,-3.8476
0.4,387,-4.0012
0.4,388,-4.0972
0.4,389,-4.2315
0.4,390,-4.3627
0.4,391,-4.4907
0.4,392,-4.6096
0.4,393,-5.115
0.4,394,-4.9994
0.4,395,-4.9426
0.4,396,-4.9259
0.4,397,-4.9504
0.4,398,-4.9978
0.4,399,-5.0463
0.4,400,-5.0956
